./usb.py 2 4 3 6 6 9 10.0 23.2646625065 1.5 34.8969937597 1.93872187554 0.00775488750216
./fxdparser.py 12 63 44 82 75 126 419.588185189 784.831155002 7.80952380952 6129.15759145 340.50875508 0.261610385001
./skin_utils.py 11 117 85 166 128 251 841.886419996 1757.0 7.80341880342 13710.6068376 761.700379867 0.585666666667
./autocolor.py 1 3 2 4 4 6 4.75488750216 12.0 0.666666666667 8.0 0.444444444444 0.004
./freq.py 1 14 10 20 15 30 53.3029689088 117.206717868 0.714285714286 83.7190841916 4.65106023287 0.0390689059561
./mediainfo.py 14 191 116 212 205 328 1500.59187506 2518.86947264 7.76963350785 19570.6926565 1087.26070314 0.839623157546
./weather_update.py 4 18 11 21 22 32 83.058650026 142.701811796 2.33333333333 332.970894192 18.4983830106 0.0475672705988
./ivtv_record.py 4 21 12 24 25 36 100.238665878 167.178822832 2.28571428571 382.123023616 21.2290568675 0.0557262742773
./fxmms.py 10 48 34 63 58 97 301.297480983 568.224156527 6.5625 3728.97102721 207.165057067 0.189408052176
./reencode2.py 6 123 84 163 129 247 869.439059161 1731.77313209 3.9756097561 6884.85415928 382.491897738 0.577257710697
./tvlisting_area.py 12 118 146 290 130 436 855.171429833 3061.75236648 14.7457627119 45147.8738786 2508.21521548 1.02058412216
./rssperiodic.py 8 77 45 86 85 131 506.542563634 839.630212634 4.46753246753 3751.07523566 208.393068648 0.279876737545
./distutils.py 8 96 54 108 104 162 656.156400069 1085.47123434 4.5 4884.62055452 271.367808585 0.36182374478
./encodingcore.py 15 213 133 260 228 393 1706.09650804 3078.32577557 9.15492957746 28181.8556918 1565.65864954 1.02610859186
./Label.py 8 29 18 31 37 49 164.881448859 255.263214916 4.27586206897 1091.47029826 60.6372387923 0.0850877383053
./config.py 12 260 186 342 272 528 2128.8351814 4270.18038018 7.89230769231 33701.577462 1872.309859 1.42339346006
./icecast.py 1 4 2 4 5 6 8.0 13.9315685693 0.5 6.96578428466 0.386988015815 0.00464385618977
./bilingual.py 4 22 12 24 26 36 106.10749561 169.215829853 2.18181818182 369.198174225 20.5110096792 0.0564052766177
./xmradio.py 5 15 10 19 20 29 70.2129994086 125.335914752 3.16666666667 396.89706338 22.0498368545 0.0417786382506
./schedulefavorites.py 0 0 0 0 0 0 0 0 0 0 0.0 0.0
./upsoon.py 8 71 40 79 79 119 460.632045485 750.149909033 4.45070422535 3338.69536978 185.483076099 0.250049969678
./freevo-rendezvous.py 1 2 1 2 3 3 2.0 4.75488750216 0.5 2.37744375108 0.132080208393 0.00158496250072
./ListItem.py 2 6 4 6 8 10 17.5097750043 30.0 1.0 30.0 1.66666666667 0.01
./videoitem.py 15 222 142 263 237 405 1788.96368126 3194.9410158 8.88513513514 28387.4826742 1577.08237079 1.0649803386
./record_client.py 8 76 42 82 84 124 498.842491022 792.647360425 4.31578947368 3420.89913446 190.049951915 0.264215786808
./RegionScroller.py 13 86 63 122 99 185 600.76448524 1226.43097471 9.22093023256 11308.8344529 628.268580716 0.408810324905
./dvdimage.py 9 33 19 37 42 56 194.994330952 301.969775676 5.04545454545 1523.57477727 84.6430431818 0.100656591892
./videothumb.py 14 62 43 84 76 127 422.463140153 793.486794207 9.48387096774 7525.32637087 418.073687271 0.264495598069
./logger.py 4 13 7 14 17 21 56.1057163358 85.8367196663 2.15384615385 184.879088512 10.2710604729 0.0286122398888
./rc.py 12 96 63 123 108 186 675.175950078 1256.4090754 7.6875 9658.64476716 536.591375953 0.418803025134
./setup.py 9 54 33 61 63 94 339.29325013 561.864312809 5.08333333333 2856.14359011 158.674643895 0.18728810427
./menu_Menu.py 0 0 0 0 0 0 0 0 0 0 0.0 0.0
./joy.py 11 55 38 70 66 108 356.028532049 652.794564891 7.0 4569.56195423 253.864553013 0.217598188297
./xawtv.py 9 80 54 106 89 160 534.283572604 1036.11734895 5.9625 6177.84969314 343.213871841 0.345372449652
./bouncing_freevo.py 5 16 16 32 21 48 75.6096404744 210.831236293 5.0 1054.15618147 58.5642323037 0.0702770787645
./mplayervis.py 13 101 70 136 114 206 720.585076094 1407.57534292 8.75247524752 12319.7683479 684.431574884 0.469191780973
./amazon.py 8 60 36 71 68 107 378.413435737 651.358524014 4.73333333333 3083.09701367 171.283167426 0.217119508005
./pymetar.py 14 106 72 145 120 217 766.462537093 1498.79525925 9.57547169811 14351.6715862 797.315088121 0.499598419749
./generic_record.py 7 28 16 32 35 48 154.257422272 246.205584813 4.0 984.822339253 54.7123521807 0.0820685282711
./encoding.py 11 105 70 137 116 207 743.04952716 1419.60206599 7.17619047619 10187.3348259 565.963045886 0.473200688664
./imageitem.py 4 16 9 17 20 26 72.0 112.370130467 2.125 238.786527243 13.2659181801 0.0374567101557
./marmalade.py 9 74 54 106 83 160 488.02887407 1020.00630902 6.44594594595 6574.90553244 365.27252958 0.340002103005
./vtrelease.py 5 10 5 10 15 15 44.8289214233 58.6033589341 2.5 146.508397335 8.13935540752 0.019534452978
./playlist.py 5 19 11 20 24 31 92.3202632299 142.133837522 2.63157894737 374.036414533 20.7798008074 0.0473779458408
./cache.py 11 185 108 205 196 313 1431.359318 2383.40418121 6.09459459459 14525.8822395 806.993457751 0.794468060403
./ConfirmBox.py 6 13 9 18 19 27 63.6154913402 114.694042863 4.15384615385 476.421408815 26.4678560453 0.038231347621
./install.py 9 37 23 46 46 69 221.279099541 381.125774968 5.59459459459 2132.2442005 118.458011139 0.127041924989
./mail.py 4 9 6 11 13 17 36.529325013 62.9074752084 2.44444444444 153.773828287 8.5429904604 0.0209691584028
./event.py 4 5 5 9 9 14 19.6096404744 44.3789500202 3.6 159.764220073 8.87579000404 0.0147929833401
./program_search.py 9 40 26 49 49 75 241.406448808 421.103238309 5.5125 2321.33160118 128.962866732 0.140367746103
./gphoto.py 5 14 11 22 19 33 64.9126093832 140.181607944 3.92857142857 550.713459779 30.5951922099 0.0467272026479
./scheduled_recordings.py 6 17 10 17 23 27 84.9966433056 122.136172814 3.0 366.408518441 20.3560288023 0.0407120576045
./balls.py 11 42 37 72 53 109 264.531079562 624.343329547 9.42857142857 5886.66567859 327.036982144 0.208114443182
./evdev.py 16 137 88 171 153 259 1036.43039537 1879.66345126 9.98540145985 18769.1941702 1042.73300946 0.626554483752
./ossmixer.py 9 70 45 90 79 135 457.579136199 851.010401004 5.78571428571 4923.70303438 273.539057466 0.283670133668
./rssfeed.py 2 4 2 4 6 6 10.0 15.5097750043 1.0 15.5097750043 0.861654166907 0.00516992500144
./transition.py 6 34 25 50 40 75 188.483511607 399.144607117 4.41176470588 1760.93209022 97.8295605678 0.133048202372
./diskfree.py 10 40 27 54 50 81 246.096404744 457.152351372 6.75 3085.77837176 171.432131764 0.152384117124
./pylcd.py 3 31 17 34 34 51 158.334973124 259.460604904 1.64516129032 426.854543551 23.7141413084 0.0864868683013
./linuxevent.py 0 0 0 0 0 0 0 0 0 0 0.0 0.0
./doc.py 0 0 0 0 0 0 0 0 0 0 0.0 0.0
./InputBox.py 3 7 4 8 10 12 24.4063719566 39.8631371386 1.71428571429 68.3368065234 3.7964892513 0.0132877123795
./headlines.py 8 41 23 44 49 67 243.659632189 376.185559556 4.29268292683 1614.84532882 89.7136293791 0.125395186519
./Rendezvous.py 21 378 263 516 399 779 3328.76630223 6730.75080532 14.3333333333 96474.0948762 5359.67193757 2.24358360177
./rc_send.py 5 13 7 14 18 21 59.7153568103 87.5684250303 2.69230769231 235.761144312 13.0978413507 0.0291894750101
./mplayer.py 14 245 169 334 259 503 1997.77926396 4032.45456871 9.54285714286 38481.1378842 2137.84099357 1.3441515229
./idlebarplugin.py 4 10 6 12 14 18 41.2192809489 68.532388597 2.4 164.477732633 9.13765181294 0.0228441295323
./halstead.py 0 0 0 0 0 0 0 0 0 0 0.0 0.0
./mixer.py 12 81 54 108 93 162 556.547400242 1059.3437274 8.0 8474.7498192 470.8194344 0.3531145758
./ioctl.py 6 44 27 54 50 81 255.724766224 457.152351372 3.68181818182 1683.15183914 93.5084355079 0.152384117124
./screensaver.py 0 0 0 0 0 0 0 0 0 0 0.0 0.0
./shutdown.py 5 13 10 17 18 27 59.7153568103 112.587975039 3.26923076923 368.076072243 20.4486706801 0.037529325013
./volume.py 8 20 11 22 28 33 110.438561898 158.642712428 4.4 698.027934683 38.7793297046 0.0528809041426
./Color.py 9 76 40 80 85 120 503.371816035 769.126912337 4.73684210526 3643.23274265 202.401819036 0.256375637446
./Progressbar.py 6 12 10 17 18 27 58.529325013 112.587975039 4.25 478.498893916 26.5832718842 0.037529325013
./system.py 12 109 89 175 121 264 780.751641409 1826.57989464 9.63302752294 17595.4943979 977.527466551 0.60885996488
./area.py 14 202 151 278 216 429 1600.26168842 3326.84673843 9.63366336634 32049.7215494 1780.54008608 1.10894891281
./Container.py 6 19 14 22 25 36 96.2203977598 167.178822832 3.47368421053 580.726437206 32.2625798448 0.0557262742773
./encodingserver.py 10 83 51 92 93 143 562.347553751 935.099709988 5.5421686747 5182.48032042 287.915573357 0.311699903329
./plugin.py 12 110 71 129 122 200 788.969118496 1386.14746751 7.03636363636 9753.43763504 541.857646391 0.462049155838
./reencode.py 7 15 16 23 22 39 78.2548433885 173.917833127 5.36666666667 933.359037781 51.8532798767 0.0579726110423
./fxditem.py 7 27 18 33 34 51 148.033447013 259.460604904 4.27777777778 1109.91480987 61.6619338815 0.0864868683013
./audiodiskitem.py 7 28 16 32 35 48 154.257422272 246.205584813 4.0 984.822339253 54.7123521807 0.0820685282711
./item.py 9 189 128 243 198 371 1457.79314319 2830.49130605 5.78571428571 16376.413985 909.800776944 0.943497102017
./channels.py 10 85 47 90 95 137 578.017510521 900.070218341 5.29411764706 4765.07762651 264.726534806 0.300023406114
./freevo_config.py 9 130 72 143 139 215 941.437140707 1530.57233064 4.95 7576.33303665 420.907390925 0.510190776879
./Border.py 7 16 10 18 23 28 83.6514844544 126.65973477 3.9375 498.722705655 27.7068169808 0.0422199115899
./vux.py 2 4 2 4 6 6 10.0 15.5097750043 1.0 15.5097750043 0.861654166907 0.00516992500144
./tiny_osd.py 7 31 21 37 38 58 173.231570076 304.37979578 4.17741935484 1271.52205011 70.6401138951 0.101459931927
./home_automation.py 4 13 8 15 17 23 56.1057163358 94.0116453488 2.30769230769 216.949950805 12.0527750447 0.0313372151163
./daemon_action.py 2 4 2 4 6 6 10.0 15.5097750043 1.0 15.5097750043 0.861654166907 0.00516992500144
./freeboxtv.py 4 8 5 8 12 13 32.0 46.6045125094 2.0 93.2090250188 5.17827916771 0.0155348375031
./vlc.py 5 12 8 14 17 22 54.6291904831 89.9241825075 2.91666666667 262.278865647 14.5710480915 0.0299747275025
./local_conf.py 0 0 0 0 0 0 0 0 0 0 0.0 0.0
./tvtime.py 12 231 153 300 243 453 1856.77357858 3589.94006413 7.79220779221 27973.5589413 1554.08660785 1.19664668804
./commdetectserver.py 9 56 32 62 65 94 353.741200648 566.102574425 4.98214285714 2820.40389758 156.689105421 0.188700858142
./rom_drives.py 14 160 113 214 174 327 1224.81146409 2433.84252314 9.3625 22786.8506229 1265.93614572 0.811280841048
./childapp.py 9 75 51 92 84 143 495.6907268 914.101391457 5.52 5045.83968084 280.324426714 0.304700463819
./yac.py 2 6 3 6 8 9 17.5097750043 27.0 1.0 27.0 1.5 0.009
./makestationlist.py 5 11 6 12 16 18 49.6633882794 72.0 2.72727272727 196.363636364 10.9090909091 0.024
./ivtv_xine_tv.py 13 145 94 179 158 273 1089.19253439 1993.93214425 8.02413793103 15999.5865506 888.865919478 0.664644048084
./Window.py 8 58 58 105 66 163 363.762897717 985.236241455 7.24137931034 7134.46933468 396.359407482 0.328412080485
./shoppingcart.py 7 24 15 29 31 44 129.690584472 217.984637657 4.22916666667 921.893363424 51.216297968 0.0726615458857
./xml_skin.py 14 246 177 331 260 508 2007.16153722 4075.36284902 9.41869918699 38384.6167527 2132.47870849 1.35845428301
./tv_util.py 14 78 53 105 92 158 543.56434198 1030.72278906 9.42307692308 9712.58012765 539.58778487 0.343574263019
./xine.py 11 91 66 131 102 197 630.263060063 1314.46779237 7.91758241758 10407.4070813 578.189282296 0.438155930789
./coversearch.py 10 110 72 138 120 210 779.168849437 1450.44702508 6.27272727273 9098.25861185 505.45881177 0.483482341693
./tiny_xosd.py 9 27 16 31 36 47 156.911287571 242.986475068 5.16666666667 1255.43012118 69.7461178435 0.0809954916893
./player.py 7 24 16 28 31 44 129.690584472 217.984637657 4.08333333333 890.1039371 49.4502187278 0.0726615458857
./v4l2.py 16 289 163 323 305 486 2426.55352224 4010.79540017 8.94117647059 35861.2294604 1992.29052558 1.33693180006
./genesisitem.py 5 41 23 44 46 67 231.269272664 370.078651056 2.68292682927 992.893941857 55.1607745476 0.123359550352
./evfallback.py 0 0 0 0 0 0 0 0 0 0 0.0 0.0
./mplayervbr.py 10 79 49 94 89 143 531.217960055 926.029880628 5.94936708861 5509.29169488 306.071760826 0.308676626876
./menu_fullexample.py 2 5 3 6 7 9 13.6096404744 25.2661942985 1.2 30.3194331582 1.68441295323 0.00842206476617
./viewer.py 16 197 168 323 213 491 1565.54420843 3797.74242353 13.116751269 49814.0427533 2767.44681963 1.26591414118
./epg_xmltv.py 15 79 50 93 94 143 556.60203804 937.30620579 8.82911392405 8275.58327264 459.754626258 0.31243540193
./vbi2srt_record.py 6 52 29 58 58 87 311.932640348 509.644346576 3.34615384615 1705.34839047 94.7415772481 0.169881448859
./marquee.py 5 12 10 19 17 29 54.6291904831 118.536422396 3.95833333333 469.206671985 26.0670373325 0.0395121407988
./menu_MenuItem.py 1 2 1 2 3 3 2.0 4.75488750216 0.5 2.37744375108 0.132080208393 0.00158496250072
./main.py 9 98 64 112 107 176 676.770889736 1186.49818961 5.14285714286 6101.99068941 338.999482745 0.395499396536
./makelogos.py 3 8 5 9 11 14 28.7548875022 48.4320426609 1.6875 81.7290719903 4.54050399946 0.0161440142203
./fxdimdb.py 12 377 225 435 389 660 3269.54415891 5678.39338769 6.92307692308 39311.9542225 2183.9974568 1.8927977959
./passwd.py 3 12 6 12 15 18 47.7744375108 70.324030721 1.5 105.486046081 5.86033589341 0.0234413435737
./apod.py 5 24 18 33 29 51 121.648740492 247.757030752 3.4375 851.664793208 47.3147107338 0.0825856769172
./misc.py 15 216 130 255 231 385 1733.6590594 3022.92338095 8.85416666667 26765.4674355 1486.97041308 1.00764112698
./vfd.py 16 404 264 525 420 789 3561.91743903 6875.53971344 10.396039604 71478.3831595 3971.02128664 2.29184657115
./fxdhandler.py 8 45 33 57 53 90 271.133389335 515.512840911 5.06666666667 2611.93172728 145.107318182 0.171837613637
./edit_favorite.py 10 95 79 156 105 235 657.35556374 1577.84769665 8.21052631579 12954.9600357 719.720001981 0.525949232217
./radio.py 4 17 10 19 21 29 77.4868683013 127.377205261 2.23529411765 284.725517641 15.8180843134 0.0424590684202
./genericitem.py 4 20 11 20 24 31 94.4385618977 142.133837522 2.0 284.267675045 15.7926486136 0.0473779458408
./chktab.py 5 20 10 20 25 30 98.0482023722 139.315685693 2.5 348.289214233 19.3494007907 0.0464385618977
./game.py 3 7 4 7 10 11 24.4063719566 36.5412090438 1.5 54.8118135656 3.04510075365 0.0121804030146
./radioplayer.py 5 22 12 24 27 36 109.717136084 171.175950078 2.72727272727 466.843500212 25.9357500118 0.057058650026
./bmovl.py 10 157 127 251 167 378 1178.47473852 2791.04022256 7.99363057325 22310.5444542 1239.4746919 0.930346740852
./webserver.py 7 60 33 68 67 101 374.064920191 612.675008236 3.96666666667 2430.27753267 135.015418482 0.204225002745
./linkbrowser.py 11 90 64 124 101 188 622.320526475 1251.74375876 7.57777777778 9485.43603858 526.96866881 0.417247919586
./listing_area.py 14 258 228 452 272 680 2120.19960081 5499.47473205 12.2635658915 67443.170745 3746.84281917 1.83315824402
./sitecustomize.py 0 0 0 0 0 0 0 0 0 0 0.0 0.0
./MultiMail.py 6 17 12 24 23 36 84.9966433056 162.848230418 4.23529411765 689.710152359 38.3172306866 0.0542827434727
./record_types.py 4 28 17 29 32 46 142.605937818 230.0 2.07142857143 476.428571429 26.4682539683 0.0766666666667
./configure.py 10 93 55 100 103 155 641.361050382 1036.40758171 5.37634408602 5572.08377265 309.560209592 0.345469193904
./setup_freevo.py 7 69 41 77 76 118 441.139671972 737.255446586 3.90579710145 2879.5701863 159.976121461 0.245751815529
./daemon.py 5 18 9 18 23 27 86.6682905004 122.136172814 2.5 305.340432034 16.9633573352 0.0407120576045
./PopupBox.py 9 17 12 22 26 34 98.0161933142 159.814950417 5.82352941176 930.687064192 51.7048368996 0.0532716501389
./wap_types.py 4 17 11 19 21 30 77.4868683013 131.769522683 2.23529411765 294.543638939 16.3635354966 0.0439231742278
./freevused.py 8 156 88 173 164 261 1160.52274614 1920.32107321 4.4358974359 8518.34732473 473.241518041 0.640107024402
./lirc.py 6 75 38 75 81 113 482.671176792 716.403050326 3.0 2149.20915098 119.400508388 0.238801016775
./appletrailers.py 11 54 33 65 65 98 348.817672922 590.192045677 6.62037037037 3907.28993203 217.07166289 0.196730681892
./lcd.py 11 272 156 306 283 462 2237.84364063 3762.83210819 6.1875 23282.5236694 1293.47353719 1.2542773694
./plugins.py 9 177 114 221 186 335 1350.29550738 2525.61820172 5.6186440678 14190.5497266 788.363873701 0.841872733907
./dvdbackup.py 5 31 24 41 36 65 165.189726096 336.045125094 3.3064516129 1111.11694587 61.7287192152 0.112015041698
./irsend_echostar.py 10 41 26 49 51 75 252.878913138 425.431900648 5.9756097561 2542.21501607 141.234167559 0.141810633549
./weather.py 6 44 24 48 50 72 255.724766224 406.357645664 3.27272727273 1329.89774945 73.8832083025 0.135452548555
./skin.py 4 20 12 23 24 35 94.4385618977 160.473687525 2.3 369.089481308 20.5049711838 0.0534912291751
./cdbackup.py 9 173 98 195 182 293 1314.72000839 2199.78382958 5.07225433526 11157.8630662 619.881281456 0.733261276526
./mediamenu.py 11 60 37 68 71 105 392.467183542 645.723447548 6.23333333333 4025.00948972 223.611638318 0.215241149183
./commdetectclient.py 4 16 10 18 20 28 72.0 121.013986657 2.25 272.281469978 15.1267483321 0.0403379955523
./audioitem.py 7 40 28 54 47 82 232.52860825 455.476285838 4.725 2152.12545058 119.562525032 0.151825428613
./mame_cache.py 10 99 59 117 109 176 689.525586337 1191.20044116 5.90909090909 7038.91169777 391.050649876 0.39706681372
./command.py 9 36 24 46 45 70 214.646625065 384.429716743 5.75 2210.47087127 122.803937293 0.128143238914
./tv_grab.py 7 35 20 39 42 59 199.176390047 318.146727944 3.9 1240.77223898 68.9317910545 0.106048909315
./exceptions.py 1 4 2 4 5 6 8.0 13.9315685693 0.5 6.96578428466 0.386988015815 0.00464385618977
./convert_config.py 10 31 17 34 41 51 186.799366571 273.235152236 5.48387096774 1498.38631871 83.2436843728 0.0910783840785
./program_display.py 10 107 64 121 117 185 754.556248494 1271.01747312 5.65420560748 7186.59412373 399.255229096 0.423672491041
./Scrollbar.py 10 43 32 61 53 93 266.548665401 532.696602274 7.09302325581 3778.42938823 209.91274379 0.177565534091
./ProgressBox.py 1 2 1 2 3 3 2.0 4.75488750216 0.5 2.37744375108 0.132080208393 0.00158496250072
./directory.py 13 286 184 355 299 539 2381.82891865 4432.73690239 8.06818181818 35764.1272807 1986.89596004 1.47757896746
./osd.py 20 381 353 666 401 1019 3352.99814033 8811.76013656 17.4803149606 154032.342545 8557.35236359 2.93725337885
./df.py 5 16 12 24 21 36 75.6096404744 158.12342722 3.75 592.962852075 32.9423806708 0.0527078090733
./rssserver.py 7 31 17 34 38 51 173.231570076 267.644303186 3.83870967742 1027.40877674 57.0782653747 0.0892147677285
./remote.py 4 14 8 16 18 24 61.3029689088 100.078200035 2.28571428571 228.750171508 12.7083428615 0.0333594000115
./Button.py 7 37 27 48 44 75 212.401258983 409.457371398 4.54054054054 1859.15779445 103.286544136 0.136485790466
./album_tree.py 9 42 24 46 51 70 255.00665677 397.069773938 4.92857142857 1956.98674298 108.721485721 0.132356591313
./tv.py 7 17 14 28 24 42 89.1383527557 192.56842503 5.76470588235 1110.10033253 61.672240696 0.0641894750101
./AlertBox.py 1 2 1 2 3 3 2.0 4.75488750216 0.5 2.37744375108 0.132080208393 0.00158496250072
./zipped_rom.py 3 5 3 6 8 9 16.3645279766 27.0 1.8 48.6 2.7 0.009
./mame_types.py 2 3 2 3 5 5 6.75488750216 11.6096404744 1.0 11.6096404744 0.644980026358 0.00386988015815
./vfs.py 9 64 46 77 73 123 412.529325013 761.348420742 5.4140625 4121.98793417 228.999329676 0.253782806914
./details.py 4 7 4 7 11 11 27.6514844544 38.053747805 2.0 76.10749561 4.22819420056 0.0126845826017
./LayoutManagers.py 11 104 90 176 115 266 734.899478492 1820.90035355 9.30769230769 16948.3802138 941.576678546 0.606966784517
./irsend_generic.py 2 8 4 8 10 12 26.0 39.8631371386 1.0 39.8631371386 2.21461872992 0.0132877123795
./mameitem.py 4 30 16 30 34 46 155.206717868 234.023290698 2.0 468.046581395 26.0025878553 0.0780077635658
./tvmenu.py 5 17 10 18 22 28 81.0965087757 124.864085322 2.64705882353 330.522578793 18.3623654885 0.0416213617739
./LetterBoxGroup.py 12 91 62 122 103 184 635.228862267 1230.316097 8.04395604396 9896.60860445 549.811589136 0.410105365667
./holidays.py 2 4 2 4 6 6 10.0 15.5097750043 1.0 15.5097750043 0.861654166907 0.00516992500144
./render.py 4 17 10 20 21 30 77.4868683013 131.769522683 2.35294117647 310.045935726 17.224774207 0.0439231742278
./tvguide.py 15 195 159 315 210 474 1542.03277012 3656.55237537 12.1153846154 44300.538394 2461.14102189 1.21885079179
./OptionBox.py 6 14 10 18 20 28 68.8127439131 121.013986657 3.85714285714 466.768234248 25.9315685693 0.0403379955523
./view_favorites.py 6 17 10 17 23 27 84.9966433056 122.136172814 3.0 366.408518441 20.3560288023 0.0407120576045
./mpd.py 8 44 44 88 52 132 264.21499122 752.458042795 8.0 6019.66434236 334.425796798 0.250819347598
./parameter.py 0 0 0 0 0 0 0 0 0 0 0.0 0.0
./Panel.py 2 4 2 4 6 6 10.0 15.5097750043 1.0 15.5097750043 0.861654166907 0.00516992500144
./cd_burn.py 15 259 167 317 274 484 2134.95670544 3919.44752815 9.17953667954 35978.7123482 1998.81735268 1.30648250938
./makelinuxevent.py 17 159 100 194 176 294 1232.23525819 2193.07289588 10.3710691824 22744.5107252 1263.58392918 0.731024298626
./menu.py 14 238 191 364 252 555 1932.26959658 4427.39035754 10.7058823529 47399.1202984 2633.28446102 1.47579678585
./__init__.py 0 0 0 0 0 0 0 0 0 0 0.0 0.0
./encodingclient.py 5 38 23 39 43 62 211.030885985 336.428414792 2.56578947368 863.20448532 47.95580474 0.112142804931
./cdstatus.py 4 9 7 14 13 21 36.529325013 77.709234081 3.11111111111 241.762061585 13.4312256436 0.025903078027
./web_types.py 10 237 141 275 247 416 1902.85143094 3306.52076834 5.80168776371 19183.4010821 1065.74450456 1.10217358945
./detachbar.py 10 88 62 121 98 183 601.649263389 1210.49190147 6.875 8322.13182263 462.340656813 0.403497300491
./mover.py 6 28 15 30 34 45 150.115712822 228.935827856 3.21428571429 735.865160967 40.8813978315 0.0763119426188
./dvd_cropscale.py 12 41 25 49 53 74 262.679182198 423.866113638 7.17073170732 3039.43018072 168.857232262 0.141288704546
./makelircrc.py 9 47 30 59 56 89 289.595001042 516.854588063 5.64893617021 2919.67857725 162.204365403 0.172284862688
./distribution.py 10 119 72 136 129 208 853.702594783 1458.33526913 5.71428571429 8333.34439502 462.963577501 0.486111756376
./fileops.py 11 138 88 163 149 251 1019.03012284 1812.01129864 6.49637681159 11771.5081828 653.972676823 0.604003766212
./commdetectcore.py 10 78 45 87 88 132 523.48065402 852.64497366 5.57692307692 4755.13543003 264.174190557 0.28421499122
./imdb.py 8 61 37 71 69 108 385.774977591 659.720641332 4.65573770492 3071.48626456 170.638125809 0.219906880444
./recordserver.py 15 476 318 597 491 915 4292.53661427 8179.7149811 9.40651260504 76942.5920753 4274.58844863 2.72657166037
./i18n.py 0 0 0 0 0 0 0 0 0 0 0.0 0.0
./objectcache.py 6 11 6 11 17 17 53.5635228093 69.4868683013 3.0 208.460604904 11.5811447169 0.0231622894338
./ListBox.py 11 43 35 62 54 97 271.383132257 558.22408771 7.93023255814 4426.84683509 245.935935283 0.186074695903
./xmltv.py 6 71 43 80 77 123 452.141820489 770.814744505 3.38028169014 2605.57096734 144.75394263 0.256938248168
./view_area.py 10 51 55 109 61 164 322.512973389 972.64092336 10.6862745098 10393.9079065 577.439328139 0.32421364112
./view_line_in.py 0 0 0 0 0 0 0 0 0 0 0.0 0.0
./bookmarker.py 10 46 28 55 56 83 287.303130927 482.010458531 5.97826086957 2881.58426296 160.088014609 0.160670152844
./dbutil.py 3 5 4 6 8 10 16.3645279766 30.0 1.8 54.0 3.0 0.01
./ivtv.py 13 231 141 279 244 420 1861.8597449 3330.90968178 7.85064935065 26149.8039303 1452.76688502 1.11030322726
./file_ops.py 5 24 13 24 29 37 121.648740492 179.74529682 2.5 449.363242049 24.9646245583 0.0599150989399
./strptime.py 12 214 153 293 226 446 1699.6934851 3487.79981724 8.21495327103 28652.1125173 1591.78402874 1.16259993908
./base.py 8 21 13 23 29 36 116.238665878 174.887315825 4.38095238095 766.17300266 42.5651668145 0.0582957719415
./manual_record.py 9 172 120 237 181 357 1305.84686282 2677.44498169 6.20058139535 16601.7155405 922.317530029 0.892481660563
./popen3.py 5 17 11 20 22 31 81.0965087757 138.242380178 2.94117647059 406.595235817 22.5886242121 0.0460807933926
./MainMenuPlugin.py 4 11 8 14 15 22 46.053747805 85.9515931034 2.54545454545 218.785873354 12.1547707419 0.0286505310345
./info_area.py 13 124 99 198 137 297 910.426058824 2108.11552864 10.3790322581 21880.1990755 1215.5666153 0.702705176213
./version.py 0 0 0 0 0 0 0 0 0 0 0.0 0.0
./freevoscreensaver.py 8 49 33 66 57 99 299.120782362 577.456111402 5.38775510204 3111.19211041 172.844006134 0.192485370467
./default_areas.py 9 50 30 59 59 89 310.722134502 523.555231393 5.31 2780.0782787 154.448793261 0.174518410464
./usbstorage.py 1 2 1 2 3 3 2.0 4.75488750216 0.5 2.37744375108 0.132080208393 0.00158496250072
./autoshutdown.py 12 162 109 207 174 316 1232.07525048 2351.97014469 7.66666666667 18031.7711093 1001.76506163 0.783990048229
./extendedmeta.py 9 57 42 71 66 113 361.00405582 683.016535488 5.60526315789 3828.4874226 212.6937457 0.227672178496
./screen.py 10 64 61 124 74 185 417.219280949 1148.74887264 9.6875 11128.5047037 618.250261317 0.38291629088
./pylcd-test.py 1 4 2 4 5 6 8.0 13.9315685693 0.5 6.96578428466 0.386988015815 0.00464385618977
./epg_types.py 11 87 57 113 98 170 598.589831944 1124.5006735 7.14367816092 8033.07090322 446.281716845 0.374833557833
./snesitem.py 6 39 21 40 45 61 221.64046154 335.003038876 3.07692307692 1030.77858116 57.265476731 0.111667679625
./GUIObject.py 15 114 75 144 129 219 837.552820549 1535.45876894 9.47368421053 14546.4514952 808.136194178 0.511819589646
./daemon_poll.py 0 0 0 0 0 0 0 0 0 0 0.0 0.0
./detach.py 2 12 9 18 14 27 45.0195500087 102.798582896 1.5 154.197874343 8.56654857463 0.0342661942985
./buttonbar.py 16 116 73 141 132 214 859.525795435 1507.50034154 9.72413793103 14659.1412522 814.396736236 0.502500113848
./applelib.py 14 74 47 91 88 138 512.802517965 891.401563372 8.60810810811 7673.28102524 426.293390291 0.297133854457
