./usb.py 2 4 3 6 6 9 10.0 23.2646625065 1.5 34.8969937597 1.93872187554 0.00775488750216
./lyrics.py 6 25 13 25 31 38 131.606179749 188.259459795 3.0 564.778379384 31.3765766325 0.0627531532649
./fxdparser.py 12 65 45 84 77 129 434.473457856 808.41546375 7.75384615385 6268.3291343 348.240507461 0.26947182125
./newevents.py 2 4 2 4 6 6 10.0 15.5097750043 1.0 15.5097750043 0.861654166907 0.00516992500144
./skin_utils.py 11 127 90 176 138 266 925.616703025 1890.8675055 7.62204724409 14412.2814593 800.682303293 0.630289168501
./autocolor.py 1 3 2 4 4 6 4.75488750216 12.0 0.666666666667 8.0 0.444444444444 0.004
./freq.py 1 14 10 20 15 30 53.3029689088 117.206717868 0.714285714286 83.7190841916 4.65106023287 0.0390689059561
./mediainfo.py 14 174 103 187 188 290 1348.37513719 2190.83076699 7.52298850575 16481.5946781 915.644148782 0.730276922329
./flickr.py 4 82 45 82 86 127 529.319264379 816.135623847 2.0 1632.27124769 90.681735983 0.272045207949
./weather_update.py 4 18 11 21 22 32 83.058650026 142.701811796 2.33333333333 332.970894192 18.4983830106 0.0475672705988
./ivtv_record.py 5 38 22 44 43 66 211.030885985 358.13347381 2.89473684211 1036.70216103 57.5945645017 0.119377824603
./fxmms.py 10 60 44 83 70 127 387.632716685 778.418943152 6.91666666667 5384.0643568 299.114686489 0.259472981051
./convert_favorites.py 6 44 24 46 50 70 255.724766224 395.069933284 3.13636363636 1239.08297257 68.8379429207 0.131689977761
./lastfm.py 9 74 42 80 83 122 488.02887407 777.754810624 4.86486486486 3783.67205169 210.204002871 0.259251603541
./remindicon.py 4 8 4 8 12 12 32.0 43.0195500087 2.0 86.0391000173 4.77995000096 0.0143398500029
./freevo_scrobbler.py 6 49 31 63 55 94 290.630557366 543.447813071 3.85714285714 2096.15585042 116.453102801 0.181149271024
./tvlisting_area.py 12 118 146 290 130 436 855.171429833 3061.75236648 14.7457627119 45147.8738786 2508.21521548 1.02058412216
./rssperiodic.py 10 134 77 151 144 228 980.07523247 1634.74290033 5.63432835821 9210.6782817 511.704348984 0.54491430011
./distutils.py 8 96 54 108 104 162 656.156400069 1085.47123434 4.5 4884.62055452 271.367808585 0.36182374478
./encodingcore.py 15 284 187 362 299 549 2373.13154087 4514.97691913 9.55985915493 43162.5434347 2397.9190797 1.50499230638
./youtube.py 7 89 51 93 96 144 595.99175981 948.234600104 3.65730337079 3467.98159926 192.665644403 0.316078200035
./Label.py 8 29 18 31 37 49 164.881448859 255.263214916 4.27586206897 1091.47029826 60.6372387923 0.0850877383053
./config.py 16 328 233 433 344 666 2805.27705751 5611.89232663 10.5609756098 59267.0579861 3292.61433256 1.87063077554
./scrollabletext_screen.py 2 7 5 10 9 15 21.6514844544 47.5488750216 1.42857142857 67.9269643166 3.77372023981 0.0158496250072
./icecast.py 1 4 2 4 5 6 8.0 13.9315685693 0.5 6.96578428466 0.386988015815 0.00464385618977
./ejectromdrives.py 1 5 2 5 6 7 11.6096404744 18.094737505 0.5 9.04736875252 0.502631597362 0.00603157916835
./bilingual.py 4 22 12 24 26 36 106.10749561 169.215829853 2.18181818182 369.198174225 20.5110096792 0.0564052766177
./xmradio.py 5 15 10 19 20 29 70.2129994086 125.335914752 3.16666666667 396.89706338 22.0498368545 0.0417786382506
./schedulefavorites.py 1 1 1 1 2 2 0.0 2.0 0.5 1.0 0.0555555555556 0.000666666666667
./upsoon.py 7 72 42 80 79 122 463.886084558 769.061251278 3.88888888889 2990.79375497 166.155208609 0.256353750426
./freevo-rendezvous.py 1 2 1 2 3 3 2.0 4.75488750216 0.5 2.37744375108 0.132080208393 0.00158496250072
./ListItem.py 2 6 4 6 8 10 17.5097750043 30.0 1.0 30.0 1.66666666667 0.01
./videoitem.py 17 256 160 299 273 459 2117.4868683 3714.57552768 9.927734375 36877.3191547 2048.73995304 1.23819184256
./record_client.py 8 327 194 376 335 570 2755.47901194 4781.16985265 4.5993883792 21990.4570593 1221.69205885 1.59372328422
./RegionScroller.py 13 86 63 122 99 185 600.76448524 1226.43097471 9.22093023256 11308.8344529 628.268580716 0.408810324905
./dvdimage.py 9 34 19 38 43 57 201.503061615 309.297091018 5.02941176471 1555.58242836 86.4212460197 0.103099030339
./videothumb.py 14 76 50 98 90 148 528.145459931 960.794258257 9.02631578947 8672.43238374 481.801799097 0.320264752752
./rwlock.py 7 20 16 32 27 48 106.090046352 228.234600104 5.6 1278.11376058 71.0063200323 0.0760782000346
./transcode.py 12 93 50 98 105 148 651.161319442 993.708336615 6.32258064516 6282.80109601 349.044505334 0.331236112205
./logger.py 4 13 7 14 17 21 56.1057163358 85.8367196663 2.15384615385 184.879088512 10.2710604729 0.0286122398888
./rc.py 11 130 79 155 141 234 950.961563499 1670.65501646 6.55769230769 10955.6415503 608.646752792 0.556885005487
./setup.py 9 54 33 61 63 94 339.29325013 561.864312809 5.08333333333 2856.14359011 158.674643895 0.18728810427
./menu_Menu.py 0 0 0 0 0 0 0 0 0 0 0.0 0.0
./joy.py 11 56 39 72 67 111 363.26562344 673.335900141 7.07142857143 4761.44672242 264.524817912 0.224445300047
./xawtv.py 9 80 54 106 89 160 534.283572604 1036.11734895 5.9625 6177.84969314 343.213871841 0.345372449652
./bouncing_freevo.py 6 18 17 34 24 51 90.5684250303 233.833087537 5.66666666667 1325.05416271 73.6141201505 0.0779443625123
./mplayervis.py 12 176 127 247 188 374 1355.87951489 2825.41623053 8.42045454545 23791.2889411 1321.73827451 0.941805410176
./amazon.py 8 60 36 71 68 107 378.413435737 651.358524014 4.73333333333 3083.09701367 171.283167426 0.217119508005
./pymetar.py 14 106 72 145 120 217 766.462537093 1498.79525925 9.57547169811 14351.6715862 797.315088121 0.499598419749
./sixvolume.py 9 40 32 67 49 99 241.406448808 555.856274567 7.5375 4189.76666955 232.764814975 0.185285424856
./generic_record.py 8 33 19 38 41 57 190.465005939 305.380464263 4.60606060606 1406.6009263 78.1444959057 0.101793488088
./encoding.py 11 105 70 137 116 207 743.04952716 1419.60206599 7.17619047619 10187.3348259 565.963045886 0.473200688664
./downloadurl.py 11 68 43 85 79 128 452.00122101 806.883935767 6.875 5547.3270584 308.184836578 0.268961311922
./imageitem.py 4 21 12 23 25 35 100.238665878 162.534966642 2.19047619048 356.028974549 19.779387475 0.054178322214
./marmalade.py 9 80 58 114 89 172 534.283572604 1113.82615013 6.4125 7142.41018768 396.800565982 0.371275383375
./gui.py 4 22 17 33 26 50 106.10749561 235.021985907 3.0 705.065957721 39.1703309845 0.078340661969
./remind.py 8 30 15 30 38 45 171.206717868 236.156738105 4.0 944.62695242 52.4792751344 0.0787189127017
./textentry_area.py 6 11 11 21 17 32 53.5635228093 130.79881092 5.72727272727 749.120462542 41.6178034745 0.04359960364
./vtrelease.py 5 10 5 10 15 15 44.8289214233 58.6033589341 2.5 146.508397335 8.13935540752 0.019534452978
./playlist.py 10 130 84 161 140 245 946.127096643 1746.67433915 6.19230769231 10815.9449463 600.885830349 0.582224779717
./cache.py 12 210 124 234 222 358 1663.01110872 2790.40088015 6.68571428571 18655.8230273 1036.43461263 0.930133626718
./ConfirmBox.py 6 13 9 18 19 27 63.6154913402 114.694042863 4.15384615385 476.421408815 26.4678560453 0.038231347621
./live_pause.py 18 233 168 320 251 488 1907.41402173 3890.11325433 12.3605150215 48083.8033153 2671.32240641 1.29670441811
./install.py 9 37 23 46 46 69 221.279099541 381.125774968 5.59459459459 2132.2442005 118.458011139 0.127041924989
./mail.py 4 9 6 11 13 17 36.529325013 62.9074752084 2.44444444444 153.773828287 8.5429904604 0.0209691584028
./event.py 4 5 5 9 9 14 19.6096404744 44.3789500202 3.6 159.764220073 8.87579000404 0.0147929833401
./gphoto.py 5 14 11 22 19 33 64.9126093832 140.181607944 3.92857142857 550.713459779 30.5951922099 0.0467272026479
./irsend_directv.py 1 8 4 8 9 12 24.0 38.0391000173 0.5 19.0195500087 1.05664166715 0.0126797000058
./scheduled_recordings.py 6 14 9 14 20 23 68.8127439131 99.4043461824 3.0 298.213038547 16.5673910304 0.0331347820608
./balls.py 12 44 38 74 56 112 283.234541229 650.42375127 10.0909090909 6563.36694464 364.631496924 0.21680791709
./evdev.py 16 137 88 171 153 259 1036.43039537 1879.66345126 9.98540145985 18769.1941702 1042.73300946 0.626554483752
./ossmixer.py 11 74 48 95 85 143 497.553296862 916.542903868 7.06081081081 6471.5360442 359.529780233 0.305514301289
./rssfeed.py 2 4 2 4 6 6 10.0 15.5097750043 1.0 15.5097750043 0.861654166907 0.00516992500144
./transition.py 7 36 26 52 43 78 205.768784506 423.248650867 5.05555555556 2139.75706827 118.875392682 0.141082883622
./diskfree.py 10 45 33 63 55 96 280.352670284 555.010532498 7.0 3885.07372749 215.837429305 0.185003510833
./pylcd.py 3 31 17 34 34 51 158.334973124 259.460604904 1.64516129032 426.854543551 23.7141413084 0.0864868683013
./linuxevent.py 0 0 0 0 0 0 0 0 0 0 0.0 0.0
./doc.py 0 0 0 0 0 0 0 0 0 0 0.0 0.0
./audioscrobbler.py 11 73 47 92 84 139 489.910940603 888.532121766 6.93150684932 6158.86648786 342.159249326 0.296177373922
./InputBox.py 3 7 4 8 10 12 24.4063719566 39.8631371386 1.71428571429 68.3368065234 3.7964892513 0.0132877123795
./sixmixer.py 12 84 57 112 96 169 579.974213522 1112.85866262 8.0 8902.86930098 494.603850054 0.370952887541
./headlines.py 7 40 23 43 47 66 232.52860825 366.602864211 3.7625 1379.34327659 76.6301820329 0.122200954737
./musicip.py 9 45 26 51 54 77 275.662714348 443.126337667 5.1 2259.9443221 125.552462339 0.147708779222
./wiimote.py 10 57 34 66 67 100 365.694011756 606.608919046 5.78947368421 3511.94637342 195.108131857 0.202202973015
./cinemovies_trailers.py 5 67 35 70 72 105 418.037616235 647.842125151 2.61194029851 1692.12495375 94.0069418752 0.21594737505
./reencode-old.py 6 13 15 21 19 36 63.6154913402 152.925390484 4.84615384615 741.099969268 41.1722205149 0.0509751301613
./Rendezvous.py 21 378 263 516 399 779 3328.76630223 6730.75080532 14.3333333333 96474.0948762 5359.67193757 2.24358360177
./rc_send.py 5 13 7 14 18 21 59.7153568103 87.5684250303 2.69230769231 235.761144312 13.0978413507 0.0291894750101
./mplayer.py 13 275 195 382 288 577 2276.50986365 4714.04672583 9.02909090909 42563.5564372 2364.64202429 1.57134890861
./idlebarplugin.py 4 10 6 12 14 18 41.2192809489 68.532388597 2.4 164.477732633 9.13765181294 0.0228441295323
./halstead.py 0 0 0 0 0 0 0 0 0 0 0.0 0.0
./mixer.py 14 85 57 113 99 170 598.101198481 1126.99062541 9.30588235294 10487.642173 582.646787387 0.375663541805
./ring_buffer.py 12 76 68 135 88 203 517.86204103 1311.26461858 10.6578947368 13975.320277 776.406682056 0.437088206194
./ioctl.py 6 44 27 54 50 81 255.724766224 457.152351372 3.68181818182 1683.15183914 93.5084355079 0.152384117124
./screensaver.py 0 0 0 0 0 0 0 0 0 0 0.0 0.0
./shutdown.py 6 39 23 43 45 66 221.64046154 362.462304358 3.30769230769 1198.91377595 66.6063208863 0.120820768119
./volume.py 8 20 11 22 28 33 110.438561898 158.642712428 4.4 698.027934683 38.7793297046 0.0528809041426
./Color.py 9 76 40 80 85 120 503.371816035 769.126912337 4.73684210526 3643.23274265 202.401819036 0.256375637446
./Progressbar.py 6 13 11 18 19 29 63.6154913402 123.18989789 4.15384615385 511.711883543 28.4284379746 0.0410632992966
./system.py 12 109 89 175 121 264 780.751641409 1826.57989464 9.63302752294 17595.4943979 977.527466551 0.60885996488
./recordings_manager.py 13 184 127 230 197 357 1432.44111625 2721.07249955 8.125 22108.7140588 1228.26189216 0.907024166515
./area.py 14 206 153 282 220 435 1636.72207751 3384.89147538 9.58252427184 32435.8047204 1801.98915113 1.12829715846
./Container.py 6 19 14 22 25 36 96.2203977598 167.178822832 3.47368421053 580.726437206 32.2625798448 0.0557262742773
./encodingserver.py 9 89 57 101 98 158 604.869600369 1045.12415537 5.10674157303 5337.17897321 296.509942956 0.348374718457
./vpodcast.py 13 92 52 101 105 153 648.273416293 1027.2795642 7.13586956522 7330.53297717 407.251832065 0.342426521401
./plugin.py 12 112 72 131 124 203 805.443301279 1411.70185101 7.01785714286 9907.12191868 550.395662149 0.47056728367
./reencode.py 6 140 98 189 146 287 1013.60939738 2063.4796484 4.05 8357.09257601 464.28292089 0.687826549466
./fxditem.py 7 27 18 33 34 51 148.033447013 259.460604904 4.27777777778 1109.91480987 61.6619338815 0.0864868683013
./audiodiskitem.py 7 32 18 36 39 54 179.651484454 285.411719819 3.9375 1123.80864679 62.4338137103 0.0951372399395
./item.py 9 147 97 181 156 278 1086.8811597 2025.34181684 5.54081632653 11222.0470056 623.447055865 0.675113938948
./channels.py 10 89 48 93 99 141 609.559556305 934.739283431 5.22471910112 4883.75018871 271.319454929 0.311579761144
./freevo_config.py 8 124 70 139 132 209 886.320342488 1472.27837095 4.48387096774 6601.50624392 366.750346884 0.490759456982
./Border.py 7 16 10 18 23 28 83.6514844544 126.65973477 3.9375 498.722705655 27.7068169808 0.0422199115899
./vux.py 2 4 2 4 6 6 10.0 15.5097750043 1.0 15.5097750043 0.861654166907 0.00516992500144
./tiny_osd.py 6 32 21 37 38 58 175.509775004 304.37979578 3.46875 1055.81741661 58.6565231451 0.101459931927
./home_automation.py 4 13 8 15 17 23 56.1057163358 94.0116453488 2.30769230769 216.949950805 12.0527750447 0.0313372151163
./daemon_action.py 2 4 2 4 6 6 10.0 15.5097750043 1.0 15.5097750043 0.861654166907 0.00516992500144
./moviecovers.py 9 171 107 204 180 311 1296.98210506 2329.96631296 5.36842105263 12508.2402064 694.902233689 0.776655437653
./freeboxtv.py 4 8 5 8 12 13 32.0 46.6045125094 2.0 93.2090250188 5.17827916771 0.0155348375031
./vlc.py 5 26 16 30 31 46 133.821073146 227.893030278 2.88461538462 657.383741186 36.5213189548 0.0759643434259
./local_conf.py 0 0 0 0 0 0 0 0 0 0 0.0 0.0
./tvtime.py 12 231 153 300 243 453 1856.77357858 3589.94006413 7.79220779221 27973.5589413 1554.08660785 1.19664668804
./commdetectserver.py 8 47 27 52 55 79 285.065676029 456.727417368 4.42553191489 2021.26176197 112.29232011 0.152242472456
./rom_drives.py 14 369 232 450 383 682 3199.94198415 5852.37879687 8.53658536585 49959.3311928 2775.5183996 1.95079293229
./models.py 13 83 64 125 96 189 577.233989138 1244.55791264 9.78915662651 12183.1723376 676.842907642 0.414852637545
./mpd_playlist.py 4 17 11 20 21 31 77.4868683013 136.161840106 2.35294117647 320.38080025 17.7989333472 0.0453872800354
./childapp.py 10 115 74 138 125 212 820.450636807 1476.74626835 6.0 8860.47761009 492.248756116 0.492248756116
./yac.py 2 6 3 6 8 9 17.5097750043 27.0 1.0 27.0 1.5 0.009
./makestationlist.py 7 25 13 26 32 39 135.747889199 195.0 3.64 709.8 39.4333333333 0.065
./ivtv_xine_tv.py 14 196 123 243 210 366 1545.78609836 2823.41385947 8.67857142857 24503.1988518 1361.2888251 0.941137953155
./buttongroup_area.py 8 24 16 31 32 47 134.039100017 235.0 5.16666666667 1214.16666667 67.4537037037 0.0783333333333
./Window.py 8 60 59 107 68 166 378.413435737 1010.51883165 7.13333333333 7208.36766575 400.46487032 0.336839610549
./shoppingcart.py 8 33 23 45 41 68 190.465005939 364.313536314 5.45454545455 1987.16474353 110.398041307 0.121437845438
./feedparser.py 17 734 457 864 751 1321 7056.89987789 12619.0758778 10.0054495913 126259.527584 7014.41819911 4.20635862594
./search_programs.py 8 30 18 35 38 53 171.206717868 278.140158213 4.66666666667 1297.98740499 72.1104113884 0.0927133860708
./xml_skin.py 14 235 167 311 249 478 1904.28445135 3804.88092353 9.26382978723 35247.7692363 1958.20940201 1.26829364118
./tv_util.py 14 80 54 107 94 161 559.0572165 1055.28880512 9.3625 9880.14143794 548.896746552 0.35176293504
./xine.py 12 149 104 203 161 307 1118.67565956 2250.59148158 8.1744966443 18397.4525139 1022.08069521 0.750197160527
./coversearch.py 10 122 78 154 132 232 878.769236132 1634.29943569 6.31147540984 10314.8407007 573.046705593 0.544766478564
./tiny_xosd.py 9 27 16 31 36 47 156.911287571 242.986475068 5.16666666667 1255.43012118 69.7461178435 0.0809954916893
./player.py 9 30 20 36 39 56 175.736042881 295.982524256 5.4 1598.30563098 88.7947572769 0.0986608414188
./progactive.py 5 17 10 19 22 29 81.0965087757 129.32351694 2.79411764706 361.345120863 20.0747289368 0.0431078389802
./record.py 5 12 8 16 17 24 54.6291904831 98.09910819 3.33333333333 326.9970273 18.1665015167 0.03269970273
./v4l2.py 16 410 223 444 426 667 3622.5868408 5826.05131669 8.66341463415 50473.4982363 2804.08323535 1.94201710556
./genesisitem.py 5 41 23 44 46 67 231.269272664 370.078651056 2.68292682927 992.893941857 55.1607745476 0.123359550352
./evfallback.py 0 0 0 0 0 0 0 0 0 0 0.0 0.0
./menu_fullexample.py 2 5 3 6 7 9 13.6096404744 25.2661942985 1.2 30.3194331582 1.68441295323 0.00842206476617
./oneclick.py 15 324 193 372 339 565 2760.71475987 4748.90492667 8.61111111111 40893.3479797 2271.85266554 1.58296830889
./viewer.py 16 212 178 343 228 521 1702.31913637 4080.93569738 12.9433962264 52821.1677057 2934.50931698 1.36031189913
./itv.py 8 44 25 48 52 73 264.21499122 416.132099424 4.36363636364 1815.84916112 100.880508951 0.138710699808
./epg_xmltv.py 15 122 74 141 137 215 904.153314117 1526.07689784 8.66803278689 13228.0845858 734.893588098 0.508692299279
./vbi2srt_record.py 7 50 27 54 57 81 301.844293943 472.464091147 3.78 1785.91426454 99.2174591409 0.157488030382
./marquee.py 5 12 10 19 17 29 54.6291904831 118.536422396 3.95833333333 469.206671985 26.0670373325 0.0395121407988
./apodcast.py 9 61 34 66 70 100 390.304302604 612.928301694 4.86885245902 2984.25746891 165.792081606 0.204309433898
./menu_MenuItem.py 1 2 1 2 3 3 2.0 4.75488750216 0.5 2.37744375108 0.132080208393 0.00158496250072
./dvdcopy.py 5 23 12 24 28 36 115.651565464 173.064777194 2.60869565217 451.473331811 25.0818517673 0.0576882590647
./main.py 9 98 64 112 107 176 676.770889736 1186.49818961 5.14285714286 6101.99068941 338.999482745 0.395499396536
./reindent.py 15 85 68 132 100 200 603.401588506 1328.77123795 11.6470588235 15476.2767715 859.793153971 0.442923745985
./makelogos.py 3 12 7 13 15 20 47.7744375108 78.1378119122 1.625 126.973944357 7.05410801985 0.0260459373041
./fxdimdb.py 12 408 242 468 420 710 3581.36908953 6187.11431754 6.88235294118 42581.9044207 2365.66135671 2.06237143918
./passwd.py 3 12 6 12 15 18 47.7744375108 70.324030721 1.5 105.486046081 5.86033589341 0.0234413435737
./apod.py 5 24 18 33 29 51 121.648740492 247.757030752 3.4375 851.664793208 47.3147107338 0.0825856769172
./misc.py 15 217 132 258 232 390 1742.85997637 3064.6125881 8.91705069124 27327.3057971 1518.1836554 1.02153752937
./vfd.py 16 355 239 472 371 711 3071.44470111 6068.58079278 10.6366197183 64549.1861226 3586.0658957 2.02286026426
./fxdhandler.py 8 57 40 70 65 110 356.474730807 662.460459433 4.91228070175 3254.19173055 180.788429475 0.220820153144
./edit_favorite.py 10 105 85 167 115 252 738.215060304 1725.06349284 7.95238095238 13718.3620621 762.131225672 0.575021164279
./programitem.py 7 113 64 124 120 188 790.331707207 1298.49543197 3.8407079646 4987.14174758 277.063430421 0.432831810658
./radio.py 6 17 10 19 23 29 84.9966433056 131.183296726 3.35294117647 439.849877257 24.436104292 0.0437277655752
./genericitem.py 5 32 17 32 37 49 171.609640474 255.263214916 2.5 638.15803729 35.4532242939 0.0850877383053
./chktab.py 5 20 10 20 25 30 98.0482023722 139.315685693 2.5 348.289214233 19.3494007907 0.0464385618977
./game.py 3 11 6 11 14 17 42.8086353072 64.725033675 1.5 97.0875505125 5.39375280625 0.021575011225
./radioplayer.py 5 33 20 40 38 60 178.074646413 314.875650807 3.0303030303 954.168638808 53.0093688227 0.104958550269
./bmovl.py 10 158 127 251 168 378 1187.21663916 2794.29598581 7.94303797468 22195.1991278 1233.06661821 0.93143199527
./webserver.py 5 48 27 56 53 83 279.687840509 475.417397729 2.91666666667 1386.63407671 77.0352264838 0.15847246591
./linkbrowser.py 11 92 65 126 103 191 638.221447762 1277.12160069 7.53260869565 9620.05727478 534.447626377 0.425707200231
./listing_area.py 14 258 228 452 272 680 2120.19960081 5499.47473205 12.2635658915 67443.170745 3746.84281917 1.83315824402
./mplayer_autoaspect.py 4 12 7 14 16 21 51.0195500087 84.0 2.33333333333 196.0 10.8888888889 0.028
./sitecustomize.py 0 0 0 0 0 0 0 0 0 0 0.0 0.0
./MultiMail.py 6 17 12 24 23 36 84.9966433056 162.848230418 4.23529411765 689.710152359 38.3172306866 0.0542827434727
./record_types.py 6 59 32 61 65 93 362.585714917 560.080206612 3.10169491525 1737.19792898 96.5109960545 0.186693402204
./configure.py 11 138 86 156 149 242 1019.03012284 1747.03878195 6.21739130435 10862.0237313 603.445762848 0.582346260651
./setup_freevo.py 7 69 41 77 76 118 441.139671972 737.255446586 3.90579710145 2879.5701863 159.976121461 0.245751815529
./daemon.py 5 18 9 18 23 27 86.6682905004 122.136172814 2.5 305.340432034 16.9633573352 0.0407120576045
./PopupBox.py 9 17 12 22 26 34 98.0161933142 159.814950417 5.82352941176 930.687064192 51.7048368996 0.0532716501389
./wap_types.py 4 17 11 19 21 30 77.4868683013 131.769522683 2.23529411765 294.543638939 16.3635354966 0.0439231742278
./freevused.py 8 157 89 175 165 264 1169.25545758 1944.70906456 4.45859872611 8670.67735791 481.704297662 0.648236354854
./lirc.py 6 75 38 75 81 113 482.671176792 716.403050326 3.0 2149.20915098 119.400508388 0.238801016775
./appletrailers.py 8 38 24 46 46 70 223.421245511 386.649336924 4.84210526316 1872.19678932 104.01093274 0.128883112308
./benchmark.py 6 13 8 16 19 24 63.6154913402 101.950260323 3.69230769231 376.431730422 20.9128739123 0.0339834201075
./lcd.py 12 263 152 298 275 450 2157.25524419 3646.47951379 6.79847908745 24790.5147173 1377.25081763 1.21549317126
./plugins.py 12 283 200 386 295 586 2347.95783273 4807.87869053 8.18374558304 39346.4559974 2185.91422208 1.60262623018
./dvdbackup.py 5 33 25 43 38 68 178.074646413 356.859070914 3.25757575758 1162.49545828 64.5830810156 0.118953023638
./alsamixer.py 8 79 52 103 87 155 521.998679106 998.656241857 5.21518987342 5208.18191956 289.343439975 0.332885413952
./irsend_echostar.py 10 41 26 49 51 75 252.878913138 425.431900648 5.9756097561 2542.21501607 141.234167559 0.141810633549
./weather.py 6 50 29 56 56 85 297.702584493 493.625168375 3.36 1658.58056574 92.1433647633 0.164541722792
./cdbackup.py 9 173 98 195 182 293 1314.72000839 2199.78382958 5.07225433526 11157.8630662 619.881281456 0.733261276526
./mediamenu.py 11 64 39 72 75 111 422.053747805 691.398874645 6.1875 4278.03053687 237.668363159 0.230466291548
./mpdclient2.py 10 58 37 63 68 100 372.982178666 608.746284125 5.43103448276 3306.12206033 183.673447796 0.202915428042
./commdetectclient.py 4 16 10 18 20 28 72.0 121.013986657 2.25 272.281469978 15.1267483321 0.0403379955523
./audioitem.py 8 59 37 73 67 110 371.075939912 667.26981095 4.94915254237 3302.42008131 183.467782295 0.222423270317
./configlib.py 10 158 102 199 168 301 1187.21663916 2225.08754426 6.29746835443 14012.4183958 778.467688655 0.741695848085
./udpremote.py 11 64 48 93 75 141 422.053747805 878.26343536 7.9921875 7019.24604979 389.958113877 0.292754478453
./mame_cache.py 10 99 59 117 109 176 689.525586337 1191.20044116 5.90909090909 7038.91169777 391.050649876 0.39706681372
./command.py 9 37 25 47 46 72 221.279099541 397.696460836 5.71621621622 2273.31895856 126.295497698 0.132565486945
./tv_grab.py 7 34 20 38 41 58 192.625221057 310.738016268 3.91176470588 1215.53400481 67.529666934 0.103579338756
./exceptions.py 1 4 2 4 5 6 8.0 13.9315685693 0.5 6.96578428466 0.386988015815 0.00464385618977
./manager.py 3 12 6 12 15 18 47.7744375108 70.324030721 1.5 105.486046081 5.86033589341 0.0234413435737
./sounds.py 5 10 6 11 15 17 44.8289214233 66.4171401253 2.75 182.647135345 10.1470630747 0.0221390467084
./convert_config.py 5 17 10 19 22 29 81.0965087757 129.32351694 2.79411764706 361.345120863 20.0747289368 0.0431078389802
./scrollabletext_area.py 4 9 8 14 13 22 36.529325013 81.4096737991 3.11111111111 253.274540708 14.0708078171 0.027136557933
./mpd_status.py 7 55 34 66 62 100 337.626268698 595.419631039 4.2 2500.76245036 138.931247242 0.198473210346
./Scrollbar.py 10 43 32 61 53 93 266.548665401 532.696602274 7.09302325581 3778.42938823 209.91274379 0.177565534091
./ProgressBox.py 2 3 2 3 5 5 6.75488750216 11.6096404744 1.0 11.6096404744 0.644980026358 0.00386988015815
./directory.py 13 273 176 338 286 514 2257.42841581 4194.1738671 8.04761904762 33753.1135019 1875.17297233 1.3980579557
./osd.py 20 411 371 701 431 1072 3655.14933579 9381.65523134 17.0559610706 160013.146403 8889.61924462 3.12721841045
./df.py 6 19 14 28 25 42 96.2203977598 195.041959971 4.42105263158 862.290770396 47.9050427998 0.0650139866568
./fxdarchive.py 4 17 8 17 21 25 77.4868683013 109.807935569 2.0 219.615871139 12.2008817299 0.0366026451898
./rssserver.py 4 19 10 20 23 30 88.7106227554 135.706858682 2.10526315789 285.698649856 15.8721472142 0.0452356195606
./remote.py 4 14 8 16 18 24 61.3029689088 100.078200035 2.28571428571 228.750171508 12.7083428615 0.0333594000115
./Button.py 7 37 27 48 44 75 212.401258983 409.457371398 4.54054054054 1859.15779445 103.286544136 0.136485790466
./album_tree.py 9 42 24 46 51 70 255.00665677 397.069773938 4.92857142857 1956.98674298 108.721485721 0.132356591313
./favoriteitem.py 8 81 47 92 89 139 537.527850234 900.126946904 4.54320987654 4089.46563532 227.192535295 0.300042315635
./tv.py 7 17 14 28 24 42 89.1383527557 192.56842503 5.76470588235 1110.10033253 61.672240696 0.0641894750101
./AlertBox.py 1 2 1 2 3 3 2.0 4.75488750216 0.5 2.37744375108 0.132080208393 0.00158496250072
./zipped_rom.py 3 5 3 6 8 9 16.3645279766 27.0 1.8 48.6 2.7 0.009
./mame_types.py 2 3 2 3 5 5 6.75488750216 11.6096404744 1.0 11.6096404744 0.644980026358 0.00386988015815
./vfs.py 9 64 46 77 73 123 412.529325013 761.348420742 5.4140625 4121.98793417 228.999329676 0.253782806914
./details.py 4 7 4 7 11 11 27.6514844544 38.053747805 2.0 76.10749561 4.22819420056 0.0126845826017
./LayoutManagers.py 11 104 90 176 115 266 734.899478492 1820.90035355 9.30769230769 16948.3802138 941.576678546 0.606966784517
./irsend_generic.py 2 8 4 8 10 12 26.0 39.8631371386 1.0 39.8631371386 2.21461872992 0.0132877123795
./mameitem.py 4 30 16 30 34 46 155.206717868 234.023290698 2.0 468.046581395 26.0025878553 0.0780077635658
./tvmenu.py 6 19 11 20 25 31 96.2203977598 143.959541883 3.15789473684 454.609079631 25.2560599795 0.047986513961
./LetterBoxGroup.py 12 91 62 122 103 184 635.228862267 1230.316097 8.04395604396 9896.60860445 549.811589136 0.410105365667
./holidays.py 2 4 2 4 6 6 10.0 15.5097750043 1.0 15.5097750043 0.861654166907 0.00516992500144
./render.py 4 17 10 20 21 30 77.4868683013 131.769522683 2.35294117647 310.045935726 17.224774207 0.0439231742278
./tvguide.py 16 227 178 354 243 532 1840.62650662 4216.00025192 12.4757709251 52597.8533631 2922.10296462 1.40533341731
./OptionBox.py 6 14 10 18 20 28 68.8127439131 121.013986657 3.85714285714 466.768234248 25.9315685693 0.0403379955523
./view_favorites.py 5 15 9 15 20 24 70.2129994086 103.726274277 2.5 259.315685693 14.406426983 0.0345754247591
./mpd.py 8 45 44 88 53 132 271.133389335 756.085500002 7.82222222222 5914.26880002 328.57048889 0.252028500001
./parameter.py 0 0 0 0 0 0 0 0 0 0 0.0 0.0
./Panel.py 2 4 2 4 6 6 10.0 15.5097750043 1.0 15.5097750043 0.861654166907 0.00516992500144
./cd_burn.py 15 278 180 342 293 522 2315.66897715 4277.66307801 9.22661870504 39468.3661694 2192.68700941 1.42588769267
./makelinuxevent.py 17 159 100 194 176 294 1232.23525819 2193.07289588 10.3710691824 22744.5107252 1263.58392918 0.731024298626
./menu.py 14 250 200 380 264 580 2044.74904007 4665.74858923 10.64 49643.5649894 2757.97583274 1.55524952974
./__init__.py 0 0 0 0 0 0 0 0 0 0 0.0 0.0
./encodingclient.py 5 40 23 41 45 64 224.48676427 351.478598165 2.5625 900.663907798 50.0368837666 0.117159532722
./cdstatus.py 4 9 7 14 13 21 36.529325013 77.709234081 3.11111111111 241.762061585 13.4312256436 0.025903078027
./web_types.py 10 207 122 237 217 359 1625.77108115 2786.39689245 5.72463768116 15951.1126452 886.172924732 0.928798964149
./textentry_screen.py 8 33 29 57 41 86 190.465005939 460.749472397 6.90909090909 3183.35999111 176.853332839 0.153583157466
./detachbar.py 10 89 63 122 99 185 609.559556305 1226.43097471 6.85393258427 8405.87521995 466.993067775 0.408810324905
./mover.py 3 24 17 26 27 43 114.793987519 204.460162593 1.625 332.247764214 18.458209123 0.068153387531
./dvd_cropscale.py 12 41 25 49 53 74 262.679182198 423.866113638 7.17073170732 3039.43018072 168.857232262 0.141288704546
./makelircrc.py 8 48 27 53 56 80 292.078200035 464.588393765 4.41666666667 2051.93207246 113.996226248 0.154862797922
./distribution.py 10 119 72 136 129 208 853.702594783 1458.33526913 5.71428571429 8333.34439502 462.963577501 0.486111756376
./weatherdata.py 4 21 12 23 25 35 100.238665878 162.534966642 2.19047619048 356.028974549 19.779387475 0.054178322214
./fileops.py 11 148 93 173 159 266 1105.05284592 1945.22686611 6.42905405405 12505.9686696 694.7760372 0.648408955369
./commdetectcore.py 9 76 44 85 85 129 503.371816035 826.811430762 5.03289473684 4161.25489824 231.18082768 0.275603810254
./imdb.py 8 61 37 71 69 108 385.774977591 659.720641332 4.65573770492 3071.48626456 170.638125809 0.219906880444
./recordserver.py 16 484 319 607 500 926 4380.72980684 8302.3162476 10.0330578512 83297.6192114 4627.64551175 2.7674387492
./i18n.py 0 0 0 0 0 0 0 0 0 0 0.0 0.0
./objectcache.py 6 11 6 11 17 17 53.5635228093 69.4868683013 3.0 208.460604904 11.5811447169 0.0231622894338
./ListBox.py 11 43 35 62 54 97 271.383132257 558.22408771 7.93023255814 4426.84683509 245.935935283 0.186074695903
./xmltv.py 6 71 43 80 77 123 452.141820489 770.814744505 3.38028169014 2605.57096734 144.75394263 0.256938248168
./view_area.py 10 51 55 109 61 164 322.512973389 972.64092336 10.6862745098 10393.9079065 577.439328139 0.32421364112
./view_line_in.py 0 0 0 0 0 0 0 0 0 0 0.0 0.0
./bookmarker.py 10 75 43 85 85 128 500.380682736 820.402039826 5.66666666667 4648.94489235 258.274716241 0.273467346609
./dbutil.py 3 10 7 11 13 18 37.974168451 66.6079149265 1.65 109.903059629 6.10572553493 0.0222026383088
./ivtv.py 13 226 141 279 239 420 1815.46616184 3318.36405935 8.02433628319 26627.6691223 1479.31495124 1.10612135312
./file_ops.py 5 24 13 24 29 37 121.648740492 179.74529682 2.5 449.363242049 24.9646245583 0.0599150989399
./strptime.py 12 214 153 293 226 446 1699.6934851 3487.79981724 8.21495327103 28652.1125173 1591.78402874 1.16259993908
./base.py 9 29 18 33 38 51 169.410773872 267.644303186 5.12068965517 1370.52341459 76.1401896994 0.0892147677285
./manual_record.py 9 163 113 222 172 335 1226.37201415 2487.79869283 6.12883435583 15247.306099 847.072561054 0.829266230942
./popen3.py 5 17 11 20 22 31 81.0965087757 138.242380178 2.94117647059 406.595235817 22.5886242121 0.0460807933926
./MainMenuPlugin.py 4 11 8 14 15 22 46.053747805 85.9515931034 2.54545454545 218.785873354 12.1547707419 0.0286505310345
./info_area.py 13 124 99 198 137 297 910.426058824 2108.11552864 10.3790322581 21880.1990755 1215.5666153 0.702705176213
./version.py 0 0 0 0 0 0 0 0 0 0 0.0 0.0
./freevoscreensaver.py 9 49 32 65 58 97 303.650107375 568.224156527 5.9693877551 3391.95032213 188.441684563 0.189408052176
./comms.py 8 62 37 73 70 110 393.160171244 674.221131864 4.70967741935 3175.36404039 176.409113355 0.224740377288
./default_areas.py 8 52 31 60 60 91 320.422865343 537.5270442 4.61538461538 2480.89405016 137.827447231 0.1791756814
./usbstorage.py 1 2 1 2 3 3 2.0 4.75488750216 0.5 2.37744375108 0.132080208393 0.00158496250072
./autoshutdown.py 13 200 129 248 213 377 1576.87695429 2915.98552683 8.06 23502.8433462 1305.71351923 0.971995175608
./extendedmeta.py 9 57 42 71 66 113 361.00405582 683.016535488 5.60526315789 3828.4874226 212.6937457 0.227672178496
./screen.py 11 71 68 138 82 206 474.68579329 1309.65571295 10.6901408451 14000.40403 777.800223889 0.436551904317
./pylcd-test.py 1 4 2 4 5 6 8.0 13.9315685693 0.5 6.96578428466 0.386988015815 0.00464385618977
./view_recordings.py 0 0 0 0 0 0 0 0 0 0 0.0 0.0
./vlc_live_pause.py 18 285 198 381 303 579 2399.18181111 4772.79773643 12.0315789474 57424.2927657 3190.23848698 1.59093257881
./epg_types.py 14 140 87 171 154 258 1051.40259128 1874.8309275 8.55 16029.8044301 890.544690562 0.6249436425
./snesitem.py 6 39 21 40 45 61 221.64046154 335.003038876 3.07692307692 1030.77858116 57.265476731 0.111667679625
./alsamixer2.py 11 40 25 50 51 75 250.930871601 425.431900648 6.875 2924.84431695 162.491350942 0.141810633549
./playlists.py 5 19 11 20 24 31 92.3202632299 142.133837522 2.63157894737 374.036414533 20.7798008074 0.0473779458408
./revision.py 0 0 0 0 0 0 0 0 0 0 0.0 0.0
./GUIObject.py 15 114 75 144 129 219 837.552820549 1535.45876894 9.47368421053 14546.4514952 808.136194178 0.511819589646
./daemon_poll.py 0 0 0 0 0 0 0 0 0 0 0.0 0.0
./HalsteadAvg.py 2 72 48 96 74 144 446.234600104 894.161284651 1.33333333333 1192.2150462 66.2341692334 0.29805376155
./detach.py 2 12 9 18 14 27 45.0195500087 102.798582896 1.5 154.197874343 8.56654857463 0.0342661942985
./buttonbar.py 13 99 61 117 112 178 704.412021724 1211.70917613 7.68181818182 9308.12958024 517.118310013 0.403903058709
./applelib.py 13 74 46 90 87 136 507.605265392 876.240315435 7.90540540541 6927.03492608 384.835273671 0.292080105145
