./usb.py 2 4 3 6 6 9 10.0 23.2646625065 1.5 34.8969937597 1.93872187554 0.00775488750216
./rtve.py 7 30 19 36 37 55 166.858202323 286.51993511 4.2 1203.38372746 66.8546515256 0.0955066450365
./lyrics.py 6 25 13 25 31 38 131.606179749 188.259459795 3.0 564.778379384 31.3765766325 0.0627531532649
./fxdparser.py 12 69 47 88 81 135 464.507737526 855.879750389 7.65217391304 6549.34069863 363.852261035 0.28529325013
./newevents.py 2 4 2 4 6 6 10.0 15.5097750043 1.0 15.5097750043 0.861654166907 0.00516992500144
./osd_display.py 1 2 1 2 3 3 2.0 4.75488750216 0.5 2.37744375108 0.132080208393 0.00158496250072
./skin_utils.py 12 132 93 181 144 274 972.879573764 1964.5594504 8.22727272727 16162.9663873 897.942577075 0.654853150132
./autocolor.py 1 3 2 4 4 6 4.75488750216 12.0 0.666666666667 8.0 0.444444444444 0.004
./freq.py 1 14 10 20 15 30 53.3029689088 117.206717868 0.714285714286 83.7190841916 4.65106023287 0.0390689059561
./mediainfo.py 16 188 110 204 204 314 1484.26270412 2409.14155738 8.68085106383 20913.3990513 1161.85550285 0.803047185793
./wikisubtitles.py 9 55 33 63 64 96 346.504109257 576.0 5.15454545455 2969.01818182 164.945454545 0.192
./flickr.py 4 82 45 82 86 127 529.319264379 816.135623847 2.0 1632.27124769 90.681735983 0.272045207949
./weather_update.py 4 18 11 21 22 32 83.058650026 142.701811796 2.33333333333 332.970894192 18.4983830106 0.0475672705988
./ivtv_record.py 9 59 34 68 68 102 375.605264925 620.921209808 5.18644067797 3220.37102036 178.909501131 0.206973736603
./fxmms.py 10 62 45 85 72 130 402.379452193 802.090250188 6.85483870968 5498.19929564 305.455516424 0.267363416729
./convert_favorites.py 5 40 22 42 45 64 224.48676427 351.478598165 2.625 922.631320183 51.2572955657 0.117159532722
./filmaffinity.py 9 140 83 156 149 239 1026.62894739 1725.38127639 5.01428571429 8651.5546859 480.641926994 0.57512709213
./lastfm.py 12 274 162 308 286 470 2261.88034074 3835.13952829 6.74452554745 25866.1965265 1437.01091814 1.27837984276
./remindicon.py 4 8 4 8 12 12 32.0 43.0195500087 2.0 86.0391000173 4.77995000096 0.0143398500029
./freevo_scrobbler.py 6 49 31 63 55 94 290.630557366 543.447813071 3.85714285714 2096.15585042 116.453102801 0.181149271024
./osddesigner.py 17 420 298 609 437 907 3729.46998572 7955.74094884 12.325 98054.5071944 5447.47262191 2.65191364961
./tvlisting_area.py 12 118 146 290 130 436 855.171429833 3061.75236648 14.7457627119 45147.8738786 2508.21521548 1.02058412216
./rssperiodic.py 10 138 80 156 148 236 1014.19565598 1701.43099429 5.65217391304 9616.78388076 534.265771153 0.567143664763
./xml.py 9 73 46 88 82 134 480.386517811 851.911968619 5.42465753425 4621.33067908 256.740593282 0.283970656206
./distutils.py 8 96 54 108 104 162 656.156400069 1085.47123434 4.5 4884.62055452 271.367808585 0.36182374478
./convert_favorites_txt.py 4 35 27 54 39 81 187.524905593 428.117579728 3.08571428571 1321.04853173 73.3915850962 0.142705859909
./encodingcore.py 17 360 234 457 377 691 3126.55398298 5913.86871287 10.7902777778 63812.2861532 3545.12700851 1.97128957096
./youtube.py 10 78 47 87 88 134 523.48065402 865.563836897 5.57692307692 4827.18293654 268.176829808 0.288521278966
./Label.py 8 29 18 31 37 49 164.881448859 255.263214916 4.27586206897 1091.47029826 60.6372387923 0.0850877383053
./config.py 16 330 233 433 346 666 2824.8863307 5617.46239961 10.496969697 58966.3325825 3275.9073657 1.87248746654
./scrollabletext_screen.py 2 7 5 10 9 15 21.6514844544 47.5488750216 1.42857142857 67.9269643166 3.77372023981 0.0158496250072
./icecast.py 9 87 60 118 96 178 589.065409152 1172.12332513 6.10344827586 7153.99408785 397.444115992 0.390707775043
./ejectromdrives.py 1 5 2 5 6 7 11.6096404744 18.094737505 0.5 9.04736875252 0.502631597362 0.00603157916835
./bilingual.py 4 22 12 24 26 36 106.10749561 169.215829853 2.18181818182 369.198174225 20.5110096792 0.0564052766177
./xmradio.py 5 17 11 21 22 32 81.0965087757 142.701811796 3.08823529412 440.696771724 24.4831539847 0.0475672705988
./schedulefavorites.py 1 1 1 1 2 2 0.0 2.0 0.5 1.0 0.0555555555556 0.000666666666667
./upsoon.py 10 82 51 97 92 148 554.538545328 965.487169496 5.91463414634 5710.50338056 317.250187809 0.321829056499
./youtube_dl.py 17 259 169 334 276 503 2145.84021481 4078.58780176 10.9613899614 44706.9913869 2483.72174371 1.35952926725
./freevo-rendezvous.py 1 2 1 2 3 3 2.0 4.75488750216 0.5 2.37744375108 0.132080208393 0.00158496250072
./ListItem.py 2 6 4 6 8 10 17.5097750043 30.0 1.0 30.0 1.66666666667 0.01
./videoitem.py 17 277 172 323 294 495 2316.9934483 4058.83781069 9.91155234657 40229.3834269 2234.96574594 1.3529459369
./record_client.py 9 294 166 326 303 492 2439.23299439 4055.64159987 4.98979591837 20236.8239014 1124.26799452 1.35188053329
./RegionScroller.py 13 86 63 122 99 185 600.76448524 1226.43097471 9.22093023256 11308.8344529 628.268580716 0.408810324905
./dvdimage.py 9 34 19 38 43 57 201.503061615 309.297091018 5.02941176471 1555.58242836 86.4212460197 0.103099030339
./videothumb.py 13 56 39 76 69 115 373.317591971 702.480312529 8.82142857143 6196.87989981 344.271105545 0.234160104176
./rwlock.py 7 20 16 32 27 48 106.090046352 228.234600104 5.6 1278.11376058 71.0063200323 0.0760782000346
./transcode.py 12 83 45 88 95 133 572.14782281 873.790795908 6.36144578313 5558.57277397 308.809598554 0.291263598636
./logger.py 4 13 7 14 17 21 56.1057163358 85.8367196663 2.15384615385 184.879088512 10.2710604729 0.0286122398888
./rc.py 15 142 85 167 157 252 1073.8674499 1838.24442872 8.82042253521 16214.0925843 900.782921351 0.612748142907
./setup.py 9 54 33 61 63 94 339.29325013 561.864312809 5.08333333333 2856.14359011 158.674643895 0.18728810427
./pygoom-test.py 7 84 59 115 91 174 556.606147968 1132.35626739 4.79166666667 5425.87378127 301.437432293 0.377452089132
./menu_Menu.py 0 0 0 0 0 0 0 0 0 0 0.0 0.0
./joy.py 11 63 44 80 74 124 414.622382986 769.972217338 6.98412698413 5377.58374014 298.75465223 0.256657405779
./xawtv.py 9 80 54 106 89 160 534.283572604 1036.11734895 5.9625 6177.84969314 343.213871841 0.345372449652
./bouncing_freevo.py 6 18 17 34 24 51 90.5684250303 233.833087537 5.66666666667 1325.05416271 73.6141201505 0.0779443625123
./mplayervis.py 16 276 200 390 292 590 2301.95275007 4831.99648974 11.3043478261 54622.5690144 3034.58716747 1.61066549658
./autostart.py 2 4 3 5 6 8 10.0 20.6797000058 1.25 25.8496250072 1.43609027818 0.00689323333526
./amazon.py 8 100 61 113 108 174 688.385618977 1175.35042538 4.52 5312.5839227 295.143551261 0.391783475125
./pymetar.py 14 106 72 145 120 217 766.462537093 1498.79525925 9.57547169811 14351.6715862 797.315088121 0.499598419749
./sixvolume.py 9 40 32 67 49 99 241.406448808 555.856274567 7.5375 4189.76666955 232.764814975 0.185285424856
./generic_record.py 8 37 21 42 45 63 216.749774528 345.986745069 4.54054054054 1570.96684247 87.275935693 0.115328915023
./encoding.py 11 101 68 133 112 201 710.533107563 1368.27833933 7.24257425743 9909.85747745 550.547637636 0.456092779778
./imageitem.py 4 21 12 23 25 35 100.238665878 162.534966642 2.19047619048 356.028974549 19.779387475 0.054178322214
./marmalade.py 9 80 58 114 89 172 534.283572604 1113.82615013 6.4125 7142.41018768 396.800565982 0.371275383375
./gui.py 4 22 17 33 26 50 106.10749561 235.021985907 3.0 705.065957721 39.1703309845 0.078340661969
./life.py 13 75 74 147 88 221 515.267118123 1427.53438772 12.74 18186.7880995 1010.37711664 0.475844795906
./remind.py 8 30 15 30 38 45 171.206717868 236.156738105 4.0 944.62695242 52.4792751344 0.0787189127017
./textentry_area.py 6 11 11 21 17 32 53.5635228093 130.79881092 5.72727272727 749.120462542 41.6178034745 0.04359960364
./vtrelease.py 3 6 3 6 9 9 20.2646625065 28.529325013 1.5 42.7939875195 2.37744375108 0.00950977500433
./playlist.py 10 132 85 163 142 248 963.079304704 1773.13728564 6.17424242424 10947.779453 608.20996961 0.591045761879
./cache.py 14 216 132 250 230 382 1728.35866938 2996.97719946 8.10185185185 24281.0652734 1348.94807074 0.99899239982
./ConfirmBox.py 6 13 9 18 19 27 63.6154913402 114.694042863 4.15384615385 476.421408815 26.4678560453 0.038231347621
./live_pause.py 18 233 168 320 251 488 1907.41402173 3890.11325433 12.3605150215 48083.8033153 2671.32240641 1.29670441811
./install.py 9 37 23 46 46 69 221.279099541 381.125774968 5.59459459459 2132.2442005 118.458011139 0.127041924989
./mail.py 4 9 6 11 13 17 36.529325013 62.9074752084 2.44444444444 153.773828287 8.5429904604 0.0209691584028
./event.py 5 7 6 11 12 17 31.2611249288 60.9443625123 3.92857142857 239.424281298 13.301348961 0.0203147875041
./gphoto.py 5 14 11 22 19 33 64.9126093832 140.181607944 3.92857142857 550.713459779 30.5951922099 0.0467272026479
./irsend_directv.py 1 8 4 8 9 12 24.0 38.0391000173 0.5 19.0195500087 1.05664166715 0.0126797000058
./scheduled_recordings.py 6 14 9 14 20 23 68.8127439131 99.4043461824 3.0 298.213038547 16.5673910304 0.0331347820608
./balls.py 12 44 38 74 56 112 283.234541229 650.42375127 10.0909090909 6563.36694464 364.631496924 0.21680791709
./tiny_xosd_display.py 4 11 6 11 15 17 46.053747805 66.4171401253 2.0 132.834280251 7.37968223615 0.0221390467084
./evdev.py 17 137 88 171 154 259 1041.91726367 1882.09771404 10.6094890511 19968.0950902 1109.33861612 0.62736590468
./ossmixer.py 11 64 43 85 75 128 422.053747805 797.288792383 7.3046875 5823.94547561 323.552526423 0.265762930794
./rssfeed.py 7 40 24 48 47 72 232.52860825 399.930397321 4.2 1679.70766875 93.3170927082 0.13331013244
./transition.py 7 37 26 52 44 78 212.401258983 425.835666254 4.91891891892 2094.65111509 116.369506394 0.141945222085
./audioscrobbler-errors.py 0 0 0 0 0 0 0 0 0 0 0.0 0.0
./diskfree.py 14 56 43 84 70 127 378.514844544 778.418943152 10.5 8173.3989031 454.077716839 0.259472981051
./pylcd.py 3 31 17 34 34 51 158.334973124 259.460604904 1.64516129032 426.854543551 23.7141413084 0.0864868683013
./linuxevent.py 0 0 0 0 0 0 0 0 0 0 0.0 0.0
./doc.py 0 0 0 0 0 0 0 0 0 0 0.0 0.0
./designer.py 11 137 101 202 148 303 1010.48414317 2184.46436979 8.10948905109 17714.8898893 984.160549405 0.728154789929
./audioscrobbler.py 12 64 37 72 76 109 427.019550009 681.024098965 6.75 4596.91266802 255.384037112 0.227008032988
./InputBox.py 5 10 6 11 15 17 44.8289214233 66.4171401253 2.75 182.647135345 10.1470630747 0.0221390467084
./sixmixer.py 12 68 49 96 80 145 456.967023214 916.679573759 8.47058823529 7764.81521301 431.378622945 0.30555985792
./headlines.py 10 42 23 43 52 66 259.696612706 376.229021397 5.11904761905 1925.9342762 106.996348678 0.125409673799
./wwitv.py 7 49 28 55 56 83 294.772266816 482.010458531 3.92857142857 1893.61251566 105.200695314 0.160670152844
./musicip.py 9 45 26 51 54 77 275.662714348 443.126337667 5.1 2259.9443221 125.552462339 0.147708779222
./wiimote.py 11 62 37 72 73 109 407.213919049 674.690876918 6.38709677419 4309.31592354 239.406440197 0.224896958973
./cinemovies_trailers.py 5 67 35 70 72 105 418.037616235 647.842125151 2.61194029851 1692.12495375 94.0069418752 0.21594737505
./reencode-old.py 6 13 15 21 19 36 63.6154913402 152.925390484 4.84615384615 741.099969268 41.1722205149 0.0509751301613
./Rendezvous.py 21 378 263 516 399 779 3328.76630223 6730.75080532 14.3333333333 96474.0948762 5359.67193757 2.24358360177
./text.py 2 10 7 14 12 21 35.2192809489 75.2842125151 1.4 105.397897521 5.85543875118 0.025094737505
./removecommercials.py 5 9 5 10 14 15 40.1389654874 57.1103238309 2.77777777778 158.639788419 8.81332157884 0.0190367746103
./rc_send.py 5 13 7 14 18 21 59.7153568103 87.5684250303 2.69230769231 235.761144312 13.0978413507 0.0291894750101
./mplayer.py 16 353 244 480 369 724 3051.62410376 6173.89335239 10.8781869688 67160.7662129 3731.1536785 2.0579644508
./idlebarplugin.py 4 10 6 12 14 18 41.2192809489 68.532388597 2.4 164.477732633 9.13765181294 0.0228441295323
./halstead.py 0 0 0 0 0 0 0 0 0 0 0.0 0.0
./mixer.py 14 85 57 113 99 170 598.101198481 1126.99062541 9.30588235294 10487.642173 582.646787387 0.375663541805
./flames.py 6 18 12 22 24 34 90.5684250303 155.888725025 3.66666666667 571.591991757 31.7551106531 0.0519629083415
./ring_buffer.py 12 76 68 135 88 203 517.86204103 1311.26461858 10.6578947368 13975.320277 776.406682056 0.437088206194
./ioctl.py 6 44 27 54 50 81 255.724766224 457.152351372 3.68181818182 1683.15183914 93.5084355079 0.152384117124
./screensaver.py 0 0 0 0 0 0 0 0 0 0 0.0 0.0
./shutdown.py 4 36 20 39 40 59 194.117300052 313.993757598 2.16666666667 680.31980813 37.7955448961 0.104664585866
./volume.py 8 20 11 22 28 33 110.438561898 158.642712428 4.4 698.027934683 38.7793297046 0.0528809041426
./mkimagemrss.py 10 51 33 56 61 89 322.512973389 527.835623043 5.49019607843 2897.92106769 160.995614872 0.175945207681
./Color.py 9 76 40 80 85 120 503.371816035 769.126912337 4.73684210526 3643.23274265 202.401819036 0.256375637446
./Progressbar.py 6 13 11 18 19 29 63.6154913402 123.18989789 4.15384615385 511.711883543 28.4284379746 0.0410632992966
./system.py 16 184 146 283 200 429 1448.33539991 3279.21430541 12.3043478261 40348.5934101 2241.58852278 1.09307143514
./recordings_manager.py 13 220 149 275 233 424 1760.00485331 3334.41492533 8.125 27092.1212683 1505.11784824 1.11147164178
./area.py 14 208 154 284 222 438 1654.99443028 3413.95414946 9.55769230769 32629.5233131 1812.75129517 1.13798471649
./Container.py 6 19 14 22 25 36 96.2203977598 167.178822832 3.47368421053 580.726437206 32.2625798448 0.0557262742773
./encodingserver.py 9 88 57 100 97 157 596.959307453 1036.18631622 5.11363636364 5298.68002614 294.371112563 0.345395438741
./vpodcast.py 13 197 124 253 210 377 1549.64992477 2908.27056016 8.34771573604 24277.4159197 1348.74532887 0.969423520053
./plugin.py 12 115 74 133 127 207 830.250905867 1446.65773016 6.93913043478 10038.5466841 557.697038004 0.482219243387
./reencode.py 10 170 120 232 180 352 1292.81574009 2637.13228991 6.82352941176 17994.5497429 999.697207939 0.879044096636
./fxditem.py 7 27 18 33 34 51 148.033447013 259.460604904 4.27777777778 1109.91480987 61.6619338815 0.0864868683013
./audiodiskitem.py 7 32 18 36 39 54 179.651484454 285.411719819 3.9375 1123.80864679 62.4338137103 0.0951372399395
./item.py 9 145 95 178 154 273 1069.61614307 1983.83272561 5.52413793103 10958.9656084 608.831422687 0.661277575203
./channels.py 15 140 86 168 155 254 1056.70298131 1848.13559894 9.0 16633.2203905 924.06779947 0.616045199647
./freevo_config.py 9 129 73 145 138 218 932.977640963 1549.65833158 5.05813953488 7838.38807251 435.466004029 0.516552777193
./Border.py 7 16 10 18 23 28 83.6514844544 126.65973477 3.9375 498.722705655 27.7068169808 0.0422199115899
./vux.py 2 4 2 4 6 6 10.0 15.5097750043 1.0 15.5097750043 0.861654166907 0.00516992500144
./tiny_osd.py 6 32 21 37 38 58 175.509775004 304.37979578 3.46875 1055.81741661 58.6565231451 0.101459931927
./home_automation.py 4 13 8 15 17 23 56.1057163358 94.0116453488 2.30769230769 216.949950805 12.0527750447 0.0313372151163
./daemon_action.py 2 4 2 4 6 6 10.0 15.5097750043 1.0 15.5097750043 0.861654166907 0.00516992500144
./moviecovers.py 9 183 114 218 192 332 1403.90239542 2518.20755024 5.3606557377 13499.2437529 749.957986273 0.839402516746
./freeboxtv.py 6 15 9 15 21 24 74.1131339385 105.415618147 3.0 316.24685444 17.5692696911 0.0351385393822
./vlc.py 6 26 18 33 32 51 137.721207676 255.0 3.80769230769 970.961538462 53.9423076923 0.085
./xine_info.py 11 29 18 35 40 53 178.935196664 282.062189029 6.63793103448 1872.30935821 104.017186567 0.0940207296763
./local_conf.py 0 0 0 0 0 0 0 0 0 0 0.0 0.0
./tvtime.py 12 231 153 300 243 453 1856.77357858 3589.94006413 7.79220779221 27973.5589413 1554.08660785 1.19664668804
./commdetectserver.py 8 45 26 50 53 76 271.133389335 435.321954547 4.44444444444 1934.76424243 107.486902357 0.145107318182
./rom_drives.py 15 428 272 527 443 799 3799.95122911 7024.13914796 9.23481308411 64866.6121082 3603.70067268 2.34137971599
./models.py 13 83 64 125 96 189 577.233989138 1244.55791264 9.78915662651 12183.1723376 676.842907642 0.414852637545
./mpd_playlist.py 4 17 11 20 21 31 77.4868683013 136.161840106 2.35294117647 320.38080025 17.7989333472 0.0453872800354
./childapp.py 9 109 71 131 118 202 766.261416414 1390.29389597 5.40825688073 7519.06652913 417.725918285 0.463431298657
./yac.py 2 6 3 6 8 9 17.5097750043 27.0 1.0 27.0 1.5 0.009
./makestationlist.py 4 20 10 20 24 30 94.4385618977 137.548875022 2.0 275.097750043 15.2832083357 0.0458496250072
./ivtv_xine_tv.py 18 244 151 299 262 450 2010.15856039 3615.04035069 11.0286885246 39869.1540316 2214.95300176 1.20501345023
./buttongroup_area.py 8 24 16 31 32 47 134.039100017 235.0 5.16666666667 1214.16666667 67.4537037037 0.0783333333333
./Window.py 8 60 59 107 68 166 378.413435737 1010.51883165 7.13333333333 7208.36766575 400.46487032 0.336839610549
./shoppingcart.py 8 33 23 45 41 68 190.465005939 364.313536314 5.45454545455 1987.16474353 110.398041307 0.121437845438
./feedparser.py 17 1241 796 1505 1258 2301 12823.6005319 23693.204192 10.3082191781 244234.741842 13568.596769 7.89773473068
./search_programs.py 8 30 18 35 38 53 171.206717868 278.140158213 4.66666666667 1297.98740499 72.1104113884 0.0927133860708
./xml_skin.py 14 241 170 317 255 487 1960.30929894 3893.25012375 9.20746887967 35846.9793552 1991.49885307 1.29775004125
./zoneminder.py 12 109 71 137 121 208 780.751641409 1439.12355335 7.54128440367 10852.8400079 602.935555992 0.479707851118
./tv_util.py 14 80 54 107 94 161 559.0572165 1055.28880512 9.3625 9880.14143794 548.896746552 0.35176293504
./xine.py 13 171 118 228 184 346 1316.55849638 2603.1524368 8.66666666667 22560.6544522 1253.36969179 0.867717478932
./coversearch.py 11 133 82 160 144 242 976.406311727 1735.12185035 6.61654135338 11480.505476 637.805859777 0.578373950116
./controllers.py 4 33 19 38 37 57 174.465005939 296.938841841 2.30303030303 683.859150906 37.9921750503 0.098979613947
./tiny_xosd.py 9 27 16 31 36 47 156.911287571 242.986475068 5.16666666667 1255.43012118 69.7461178435 0.0809954916893
./player.py 13 71 47 90 84 137 484.737761821 875.747486921 8.23943661972 7215.66591336 400.87032852 0.291915828974
./progactive.py 5 17 10 19 22 29 81.0965087757 129.32351694 2.79411764706 361.345120863 20.0747289368 0.0431078389802
./record.py 5 12 8 16 17 24 54.6291904831 98.09910819 3.33333333333 326.9970273 18.1665015167 0.03269970273
./v4l2.py 16 414 224 446 430 670 3663.1036004 5861.28920922 8.61835748792 50514.6857452 2806.37143029 1.95376306974
./genesisitem.py 5 41 23 44 46 67 231.269272664 370.078651056 2.68292682927 992.893941857 55.1607745476 0.123359550352
./evfallback.py 0 0 0 0 0 0 0 0 0 0 0.0 0.0
./menu_fullexample.py 2 5 3 6 7 9 13.6096404744 25.2661942985 1.2 30.3194331582 1.68441295323 0.00842206476617
./oneclick.py 15 321 191 368 336 559 2731.3872243 4691.30543933 8.59813084112 40336.4579831 2240.91433239 1.56376847978
./viewer.py 16 248 208 404 264 612 2036.64068498 4923.16920105 13.0322580645 64160.0115233 3564.44508463 1.64105640035
./itv.py 8 44 25 48 52 73 264.21499122 416.132099424 4.36363636364 1815.84916112 100.880508951 0.138710699808
./epg_xmltv.py 12 123 74 141 135 215 896.948834165 1521.51535337 6.87804878049 10465.0568207 581.392045595 0.507171784455
./vbi2srt_record.py 7 50 27 54 57 81 301.844293943 472.464091147 3.78 1785.91426454 99.2174591409 0.157488030382
./marquee.py 5 12 10 19 17 29 54.6291904831 118.536422396 3.95833333333 469.206671985 26.0670373325 0.0395121407988
./apodcast.py 9 42 24 46 51 70 255.00665677 397.069773938 4.92857142857 1956.98674298 108.721485721 0.132356591313
./menu_MenuItem.py 1 2 1 2 3 3 2.0 4.75488750216 0.5 2.37744375108 0.132080208393 0.00158496250072
./dvdcopy.py 5 23 12 24 28 36 115.651565464 173.064777194 2.60869565217 451.473331811 25.0818517673 0.0576882590647
./main.py 10 107 70 122 117 192 754.556248494 1319.11002616 5.70093457944 7520.15996222 417.786664568 0.439703342053
./torrent.py 9 109 66 131 118 197 766.261416414 1355.88068072 5.40825688073 7332.95102098 407.386167832 0.451960226908
./reindent.py 15 85 68 132 100 200 603.401588506 1328.77123795 11.6470588235 15476.2767715 859.793153971 0.442923745985
./makelogos.py 3 12 7 13 15 20 47.7744375108 78.1378119122 1.625 126.973944357 7.05410801985 0.0260459373041
./fxdimdb.py 14 441 261 506 455 767 3927.3269358 6772.39733781 8.03174603175 54394.1754434 3021.89863574 2.25746577927
./passwd.py 3 12 6 12 15 18 47.7744375108 70.324030721 1.5 105.486046081 5.86033589341 0.0234413435737
./livepauseserver.py 6 35 21 41 41 62 195.034680597 332.168224286 3.51428571429 1167.33404535 64.8518914083 0.110722741429
./apod.py 5 24 18 33 29 51 121.648740492 247.757030752 3.4375 851.664793208 47.3147107338 0.0825856769172
./players.py 10 100 76 143 110 219 697.604899926 1485.11777726 7.15 10618.5921074 589.921783746 0.495039259087
./misc.py 17 248 152 302 265 454 2042.12755328 3654.63124145 10.3508064516 37828.3806323 2101.57670179 1.21821041382
./vfd.py 16 354 238 470 370 708 3061.53236473 6040.21807405 10.6214689266 64155.9885831 3564.22158795 2.01340602468
./fxdhandler.py 8 59 41 72 67 113 371.075939912 685.468078522 4.8813559322 3346.01367143 185.889648413 0.228489359507
./edit_favorite.py 10 105 85 167 115 252 738.215060304 1725.06349284 7.95238095238 13718.3620621 762.131225672 0.575021164279
./programitem.py 8 122 69 133 130 202 869.549955183 1418.51829823 4.3606557377 6185.66995622 343.648330901 0.472839432744
./radio.py 10 38 27 49 48 76 232.64052646 424.457150055 6.44736842105 2736.63162535 152.035090297 0.141485716685
./genericitem.py 5 32 17 32 37 49 171.609640474 255.263214916 2.5 638.15803729 35.4532242939 0.0850877383053
./chktab.py 5 20 10 20 25 30 98.0482023722 139.315685693 2.5 348.289214233 19.3494007907 0.0464385618977
./game.py 3 15 8 15 18 23 63.3582464363 95.9082750332 1.5 143.86241255 7.99235625276 0.0319694250111
./radioplayer.py 4 35 21 42 39 63 187.524905593 332.980339788 2.4 799.152815492 44.3973786384 0.110993446596
./bmovl.py 10 160 128 253 170 381 1204.72777613 2822.97794667 7.90625 22319.1693908 1239.95385505 0.940992648889
./webserver.py 4 44 25 52 48 77 248.21499122 430.042112556 2.36363636364 1016.46317513 56.4701763962 0.143347370852
./linkbrowser.py 11 92 65 126 103 191 638.221447762 1277.12160069 7.53260869565 9620.05727478 534.447626377 0.425707200231
./listing_area.py 14 268 251 498 282 749 2215.01487195 6096.52396295 13.0074626866 79300.3079658 4405.57266477 2.03217465432
./mplayer_autoaspect.py 4 12 7 14 16 21 51.0195500087 84.0 2.33333333333 196.0 10.8888888889 0.028
./qp_xml.py 8 52 31 61 60 92 320.422865343 543.433934796 4.69230769231 2549.9592325 141.664401806 0.181144644932
./sitecustomize.py 0 0 0 0 0 0 0 0 0 0 0.0 0.0
./MultiMail.py 6 17 12 24 23 36 84.9966433056 162.848230418 4.23529411765 689.710152359 38.3172306866 0.0542827434727
./record_types.py 8 119 70 137 127 207 844.483313834 1446.65773016 4.60504201681 6661.91963133 370.106646185 0.482219243387
./configure.py 11 138 86 156 149 242 1019.03012284 1747.03878195 6.21739130435 10862.0237313 603.445762848 0.582346260651
./setup_freevo.py 10 88 53 105 98 158 601.649263389 1045.12415537 5.96590909091 6235.11569965 346.395316647 0.348374718457
./daemon.py 5 14 7 14 19 21 64.9126093832 89.2064777823 2.5 223.016194456 12.3897885809 0.0297354925941
./vg.py 12 100 56 109 112 165 707.405168986 1123.21356214 6.54 7345.81669639 408.100927577 0.374404520713
./PopupBox.py 9 17 12 22 26 34 98.0161933142 159.814950417 5.82352941176 930.687064192 51.7048368996 0.0532716501389
./wap_types.py 4 17 11 19 21 30 77.4868683013 131.769522683 2.23529411765 294.543638939 16.3635354966 0.0439231742278
./events.py 0 0 0 0 0 0 0 0 0 0 0.0 0.0
./freevused.py 8 151 84 167 159 251 1116.99911564 1835.53362178 4.4238410596 8120.1090023 451.117166794 0.611844540592
./lirc.py 6 75 38 75 81 113 482.671176792 716.403050326 3.0 2149.20915098 119.400508388 0.238801016775
./appletrailers.py 8 38 24 46 46 70 223.421245511 386.649336924 4.84210526316 1872.19678932 104.01093274 0.128883112308
./benchmark.py 6 25 14 28 31 42 131.606179749 208.076245036 3.36 699.136183322 38.8408990734 0.0693587483454
./lcd.py 12 264 152 298 276 450 2166.73959752 3648.83600555 6.77272727273 24712.5711285 1372.92061825 1.21627866852
./plugins.py 12 257 185 356 269 541 2100.46505915 4366.66113814 8.31128404669 36292.5610548 2016.25339193 1.45555371271
./dvdbackup.py 5 33 25 43 38 68 178.074646413 356.859070914 3.25757575758 1162.49545828 64.5830810156 0.118953023638
./alsamixer.py 8 75 50 99 83 149 491.161401787 949.880875271 5.28 5015.37102143 278.631723413 0.316626958424
./irsend_echostar.py 10 41 26 49 51 75 252.878913138 425.431900648 5.9756097561 2542.21501607 141.234167559 0.141810633549
./processevent.py 1 2 1 2 3 3 2.0 4.75488750216 0.5 2.37744375108 0.132080208393 0.00158496250072
./weather.py 11 60 37 72 71 109 392.467183542 670.322436026 6.6 4424.12807777 245.78489321 0.223440812009
./display.py 10 76 53 103 86 156 508.061771971 1002.49730173 6.77631578947 6793.23829464 377.40212748 0.334165767245
./skin.py 15 222 154 303 237 457 1788.96368126 3605.15566475 10.2364864865 36904.1272439 2050.22929133 1.20171855492
./cdbackup.py 11 160 93 184 171 277 1209.56224299 2054.74514662 6.325 12996.2630524 722.014614022 0.684915048874
./mediamenu.py 11 64 39 72 75 111 422.053747805 691.398874645 6.1875 4278.03053687 237.668363159 0.230466291548
./mpdclient2.py 10 58 37 63 68 100 372.982178666 608.746284125 5.43103448276 3306.12206033 183.673447796 0.202915428042
./commdetectclient.py 4 16 10 18 20 28 72.0 121.013986657 2.25 272.281469978 15.1267483321 0.0403379955523
./audioitem.py 8 57 36 71 65 107 356.474730807 644.393355994 4.98245614035 3210.66163337 178.370090743 0.214797785331
./speak.py 5 31 16 32 36 48 165.189726096 248.156400069 2.58064516129 640.403613082 35.5779785045 0.0827188000231
./shoutcast.py 10 45 29 56 55 85 280.352670284 491.41557565 6.22222222222 3057.69691515 169.872050842 0.163805191883
./configlib.py 10 158 102 199 168 301 1187.21663916 2225.08754426 6.29746835443 14012.4183958 778.467688655 0.741695848085
./udpremote.py 10 62 47 91 72 138 402.379452193 851.449650199 7.33870967742 6248.54178775 347.141210431 0.283816550066
./mame_cache.py 10 99 59 117 109 176 689.525586337 1191.20044116 5.90909090909 7038.91169777 391.050649876 0.39706681372
./command.py 11 58 38 73 69 111 377.816645522 678.046214702 6.9224137931 4693.71646902 260.762026057 0.226015404901
./tv_grab.py 6 25 15 28 31 43 131.606179749 213.030441347 3.36 715.782282925 39.7656823847 0.0710101471155
./exceptions.py 1 4 2 4 5 6 8.0 13.9315685693 0.5 6.96578428466 0.386988015815 0.00464385618977
./manager.py 3 12 6 12 15 18 47.7744375108 70.324030721 1.5 105.486046081 5.86033589341 0.0234413435737
./sounds.py 5 10 6 11 15 17 44.8289214233 66.4171401253 2.75 182.647135345 10.1470630747 0.0221390467084
./convert_config.py 5 11 8 13 16 21 49.6633882794 84.0 2.95454545455 248.181818182 13.7878787879 0.028
./scrollabletext_area.py 4 9 8 14 13 22 36.529325013 81.4096737991 3.11111111111 253.274540708 14.0708078171 0.027136557933
./mpd_status.py 7 55 34 66 62 100 337.626268698 595.419631039 4.2 2500.76245036 138.931247242 0.198473210346
./Scrollbar.py 10 43 32 61 53 93 266.548665401 532.696602274 7.09302325581 3778.42938823 209.91274379 0.177565534091
./ProgressBox.py 2 3 2 3 5 5 6.75488750216 11.6096404744 1.0 11.6096404744 0.644980026358 0.00386988015815
./directory.py 13 304 191 369 317 560 2555.47568042 4652.66985688 7.88980263158 36708.6468807 2039.36927115 1.55088995229
./osd.py 21 497 433 818 518 1251 4543.91838053 11280.0271679 17.2816901408 194937.934296 10829.8852387 3.76000905597
./df.py 6 19 14 28 25 42 96.2203977598 195.041959971 4.42105263158 862.290770396 47.9050427998 0.0650139866568
./graphics.py 9 40 27 54 49 81 241.406448808 454.791497373 6.075 2762.85834654 153.492130363 0.151597165791
./fillscreen.py 10 73 45 90 83 135 485.076473747 860.630323232 6.16438356164 5305.25541718 294.736412066 0.286876774411
./fxdarchive.py 4 17 8 17 21 25 77.4868683013 109.807935569 2.0 219.615871139 12.2008817299 0.0366026451898
./rssserver.py 3 15 8 16 18 24 63.3582464363 100.078200035 1.6 160.125120055 8.89584000308 0.0333594000115
./remote.py 2 7 4 8 9 12 21.6514844544 38.0391000173 1.14285714286 43.4732571626 2.41518095348 0.0126797000058
./Button.py 7 37 27 48 44 75 212.401258983 409.457371398 4.54054054054 1859.15779445 103.286544136 0.136485790466
./album_tree.py 7 53 29 57 60 86 323.231268546 507.992591222 3.7641509434 1912.16079149 106.231155083 0.169330863741
./favoriteitem.py 8 81 47 92 89 139 537.527850234 900.126946904 4.54320987654 4089.46563532 227.192535295 0.300042315635
./genre.py 6 14 11 20 20 31 68.8127439131 133.979770942 4.28571428571 574.199018321 31.8999454623 0.0446599236472
./tv.py 7 21 18 36 28 54 111.890150333 259.597165791 6.0 1557.58299475 86.532388597 0.086532388597
./AlertBox.py 1 2 1 2 3 3 2.0 4.75488750216 0.5 2.37744375108 0.132080208393 0.00158496250072
./zipped_rom.py 3 5 3 6 8 9 16.3645279766 27.0 1.8 48.6 2.7 0.009
./mame_types.py 2 3 2 3 5 5 6.75488750216 11.6096404744 1.0 11.6096404744 0.644980026358 0.00386988015815
./vfs.py 9 63 41 68 72 109 405.097960193 672.521825157 4.85714285714 3266.53457934 181.474143296 0.224173941719
./widgets.py 15 108 98 194 123 292 788.131209168 2027.21423556 13.4722222222 27311.0806735 1517.28225964 0.67573807852
./backend.py 7 68 39 75 75 114 433.598957659 710.085330717 3.86029411765 2741.13822519 152.285456955 0.236695110239
./details.py 4 7 4 7 11 11 27.6514844544 38.053747805 2.0 76.10749561 4.22819420056 0.0126845826017
./LayoutManagers.py 11 104 90 176 115 266 734.899478492 1820.90035355 9.30769230769 16948.3802138 941.576678546 0.606966784517
./irsend_generic.py 2 8 4 8 10 12 26.0 39.8631371386 1.0 39.8631371386 2.21461872992 0.0132877123795
./x11_overlay_display.py 3 5 3 5 8 8 16.3645279766 24.0 1.5 36.0 2.0 0.008
./mameitem.py 4 32 17 32 36 49 168.0 253.326325071 2.0 506.652650141 28.1473694523 0.0844421083569
./tvmenu.py 6 19 11 20 25 31 96.2203977598 143.959541883 3.15789473684 454.609079631 25.2560599795 0.047986513961
./LetterBoxGroup.py 12 91 62 122 103 184 635.228862267 1230.316097 8.04395604396 9896.60860445 549.811589136 0.410105365667
./holidays.py 2 4 2 4 6 6 10.0 15.5097750043 1.0 15.5097750043 0.861654166907 0.00516992500144
./render.py 4 17 10 20 21 30 77.4868683013 131.769522683 2.35294117647 310.045935726 17.224774207 0.0439231742278
./lcd2.py 11 112 86 172 123 258 800.477499075 1791.16874238 8.44642857143 15128.9788419 840.498824548 0.597056247459
./tvguide.py 17 231 181 360 248 541 1883.24089687 4303.22020392 13.2467532468 57003.6962078 3166.87201154 1.43440673464
./OptionBox.py 6 14 10 18 20 28 68.8127439131 121.013986657 3.85714285714 466.768234248 25.9315685693 0.0403379955523
./view_favorites.py 5 15 9 15 20 24 70.2129994086 103.726274277 2.5 259.315685693 14.406426983 0.0345754247591
./mpd.py 8 45 44 88 53 132 271.133389335 756.085500002 7.82222222222 5914.26880002 328.57048889 0.252028500001
./parameter.py 0 0 0 0 0 0 0 0 0 0 0.0 0.0
./Panel.py 2 4 2 4 6 6 10.0 15.5097750043 1.0 15.5097750043 0.861654166907 0.00516992500144
./cd_burn.py 16 310 196 374 326 570 2629.59856564 4758.77504791 9.65161290323 45929.854656 2551.658592 1.5862583493
./makelinuxevent.py 17 162 101 196 179 297 1258.54256877 2222.69328585 10.2839506173 22858.067989 1269.89266606 0.740897761949
./menu.py 14 300 211 403 314 614 2521.94857606 5092.89713982 9.40333333333 47890.2094381 2660.56719101 1.69763237994
./__init__.py 0 0 0 0 0 0 0 0 0 0 0.0 0.0
./encodingclient.py 8 61 38 68 69 106 385.774977591 647.503592418 4.45901639344 2887.22913341 160.401618523 0.215834530806
./cdstatus.py 4 9 7 14 13 21 36.529325013 77.709234081 3.11111111111 241.762061585 13.4312256436 0.025903078027
./web_types.py 12 196 118 229 208 347 1535.50267946 2672.05258219 7.01020408163 18731.633918 1040.64632878 0.890684194065
./textentry_screen.py 8 33 29 57 41 86 190.465005939 460.749472397 6.90909090909 3183.35999111 176.853332839 0.153583157466
./utils.py 4 7 4 7 11 11 27.6514844544 38.053747805 2.0 76.10749561 4.22819420056 0.0126845826017
./detachbar.py 13 132 91 183 145 274 977.965740091 1967.29509066 9.01136363636 17728.011442 984.889524556 0.655765030221
./mover.py 3 24 17 26 27 43 114.793987519 204.460162593 1.625 332.247764214 18.458209123 0.068153387531
./dvd_cropscale.py 12 41 25 49 53 74 262.679182198 423.866113638 7.17073170732 3039.43018072 168.857232262 0.141288704546
./makelircrc.py 9 78 46 91 87 137 518.790698084 882.683258931 5.25 4634.08710939 257.449283855 0.294227752977
./distribution.py 10 119 72 136 129 208 853.702594783 1458.33526913 5.71428571429 8333.34439502 462.963577501 0.486111756376
./weatherdata.py 4 21 12 23 25 35 100.238665878 162.534966642 2.19047619048 356.028974549 19.779387475 0.054178322214
./fileops.py 13 183 113 212 196 325 1423.47878674 2474.78069934 7.53005464481 18635.2338999 1035.29077222 0.824926899779
./commdetectcore.py 9 76 44 85 85 129 503.371816035 826.811430762 5.03289473684 4161.25489824 231.18082768 0.275603810254
./imdb.py 8 71 42 81 79 123 460.632045485 775.365032026 4.56338028169 3538.28549826 196.57141657 0.258455010675
./recordserver.py 17 496 326 621 513 947 4510.76823825 8525.66581978 10.6421370968 90731.3044954 5040.62802752 2.84188860659
./i18n.py 0 0 0 0 0 0 0 0 0 0 0.0 0.0
./objectcache.py 6 11 6 11 17 17 53.5635228093 69.4868683013 3.0 208.460604904 11.5811447169 0.0231622894338
./ListBox.py 11 43 35 62 54 97 271.383132257 558.22408771 7.93023255814 4426.84683509 245.935935283 0.186074695903
./xmltv.py 6 73 44 82 79 126 467.366967803 794.27637427 3.3698630137 2676.60257631 148.700143128 0.264758791423
./view_area.py 10 51 55 109 61 164 322.512973389 972.64092336 10.6862745098 10393.9079065 577.439328139 0.32421364112
./view_line_in.py 0 0 0 0 0 0 0 0 0 0 0.0 0.0
./bookmarker.py 10 75 43 85 85 128 500.380682736 820.402039826 5.66666666667 4648.94489235 258.274716241 0.273467346609
./dbutil.py 3 12 8 13 15 21 47.7744375108 82.0447025078 1.625 133.322641575 7.40681342084 0.0273482341693
./ivtv.py 13 219 138 271 232 409 1750.78408239 3213.91422701 8.04337899543 25850.7301866 1436.15167704 1.07130474234
./file_ops.py 5 24 13 24 29 37 121.648740492 179.74529682 2.5 449.363242049 24.9646245583 0.0599150989399
./strptime.py 12 214 153 293 226 446 1699.6934851 3487.79981724 8.21495327103 28652.1125173 1591.78402874 1.16259993908
./dialogs.py 12 63 39 77 75 116 419.588185189 722.542968098 7.33333333333 5298.64843272 294.369357373 0.240847656033
./rtvelib.py 9 59 37 74 68 111 375.605264925 675.708375379 5.64406779661 3813.74388138 211.874660076 0.225236125126
./base.py 0 0 0 0 0 0 0 0 0 0 0.0 0.0
./manual_record.py 9 137 100 196 146 296 1000.95972038 2128.18806943 6.43795620438 13701.1815857 761.176754759 0.709396023143
./popen3.py 5 17 11 20 22 31 81.0965087757 138.242380178 2.94117647059 406.595235817 22.5886242121 0.0460807933926
./MainMenuPlugin.py 4 11 8 14 15 22 46.053747805 85.9515931034 2.54545454545 218.785873354 12.1547707419 0.0286505310345
./info_area.py 13 124 99 198 137 297 910.426058824 2108.11552864 10.3790322581 21880.1990755 1215.5666153 0.702705176213
./version.py 2 4 2 4 6 6 10.0 15.5097750043 1.0 15.5097750043 0.861654166907 0.00516992500144
./freevoscreensaver.py 9 49 32 65 58 97 303.650107375 568.224156527 5.9693877551 3391.95032213 188.441684563 0.189408052176
./comms.py 8 62 37 73 70 110 393.160171244 674.221131864 4.70967741935 3175.36404039 176.409113355 0.224740377288
./default_areas.py 8 52 31 60 60 91 320.422865343 537.5270442 4.61538461538 2480.89405016 137.827447231 0.1791756814
./usbstorage.py 1 2 1 2 3 3 2.0 4.75488750216 0.5 2.37744375108 0.132080208393 0.00158496250072
./autoshutdown.py 13 198 126 245 211 371 1558.71832711 2864.52779901 8.04292929293 23039.1945451 1279.9552525 0.95484259967
./extendedmeta.py 9 87 67 121 96 188 589.065409152 1237.97295014 6.25862068966 7748.00311895 430.44461772 0.412657650045
./screen.py 12 79 72 146 91 218 541.018229115 1418.69923156 11.0886075949 15731.399074 873.966615225 0.472899743854
./pylcd-test.py 1 4 2 4 5 6 8.0 13.9315685693 0.5 6.96578428466 0.386988015815 0.00464385618977
./view_recordings.py 0 0 0 0 0 0 0 0 0 0 0.0 0.0
./vlc_live_pause.py 18 285 198 381 303 579 2399.18181111 4772.79773643 12.0315789474 57424.2927657 3190.23848698 1.59093257881
./unescape.py 1 4 2 4 5 6 8.0 13.9315685693 0.5 6.96578428466 0.386988015815 0.00464385618977
./epg_types.py 14 150 97 190 164 287 1137.62577248 2111.61742533 8.86666666667 18723.0078379 1040.1671021 0.703872475108
./snesitem.py 6 39 21 40 45 61 221.64046154 335.003038876 3.07692307692 1030.77858116 57.265476731 0.111667679625
./alsamixer2.py 11 40 25 50 51 75 250.930871601 425.431900648 6.875 2924.84431695 162.491350942 0.141810633549
./playlists.py 5 19 11 20 24 31 92.3202632299 142.133837522 2.63157894737 374.036414533 20.7798008074 0.0473779458408
./categories.py 7 22 19 34 29 53 117.758980064 257.472992742 5.40909090909 1392.69482438 77.3719346875 0.0858243309139
./revision.py 0 0 0 0 0 0 0 0 0 0 0.0 0.0
./GUIObject.py 16 132 92 178 148 270 993.860023755 1946.55240872 10.7878787879 20999.1714395 1166.62063553 0.648850802907
./daemon_poll.py 0 0 0 0 0 0 0 0 0 0 0.0 0.0
./detach.py 4 26 17 33 30 50 130.211432672 245.34452978 2.53846153846 622.79765252 34.5998695844 0.0817815099268
./buttonbar.py 13 104 64 123 117 187 744.951447023 1284.75820256 7.6875 9876.5786822 548.698815678 0.428252734187
./applelib.py 13 78 50 97 91 147 538.367089407 956.645812109 8.08333333333 7732.88698122 429.60483229 0.31888193737
